{
    "crowdSpawnInfos": [
        {
            "crowdTypeID": 97,
            "animConfigID": 1,
            "spawnPosition": {
                "x": 2506.7880859375,
                "y": 203.86050415039062,
                "z": -1132.27099609375
            },
            "spawnFaceFwd": {
                "z": 1.0
            },
            "hairColor": {
                "r": 0.4274509847164154,
                "g": 0.37254902720451355,
                "b": 0.3019607961177826,
                "a": 1.0
            },
            "bodyColors": [
                {
                    "r": 0.9333333373069763,
                    "g": 0.8666666746139526,
                    "b": 0.843137264251709,
                    "a": 1.0
                },
                {
                    "r": 0.5882353186607361,
                    "g": 0.4156862795352936,
                    "b": 0.4156862795352936,
                    "a": 1.0
                },
                {
                    "r": 0.2862745225429535,
                    "g": 0.21568627655506134,
                    "b": 0.21568627655506134,
                    "a": 1.0
                },
                {
                    "r": 0.772549033164978,
                    "g": 0.7607843279838562,
                    "b": 0.7450980544090271,
                    "a": 1.0
                }
            ],
            "instanceId": 10001
        },
        {
            "crowdTypeID": 114,
            "animConfigID": 12,
            "spawnPosition": {
                "x": 2506.65087890625,
                "y": 203.86050415039062,
                "z": -1130.967041015625
            },
            "spawnFaceFwd": {
                "x": 0.2126244157552719,
                "z": -0.9771338701248169
            },
            "hairColor": {
                "r": 0.4274509847164154,
                "g": 0.37254902720451355,
                "b": 0.3019607961177826,
                "a": 1.0
            },
            "bodyColors": [
                {
                    "r": 0.9333333373069763,
                    "g": 0.8666666746139526,
                    "b": 0.843137264251709,
                    "a": 1.0
                },
                {
                    "r": 0.772549033164978,
                    "g": 0.7607843279838562,
                    "b": 0.7450980544090271,
                    "a": 1.0
                },
                {
                    "r": 0.5882353186607361,
                    "g": 0.4156862795352936,
                    "b": 0.4156862795352936,
                    "a": 1.0
                },
                {
                    "r": 0.2862745225429535,
                    "g": 0.21568627655506134,
                    "b": 0.21568627655506134,
                    "a": 1.0
                }
            ],
            "instanceId": 10002
        },
        {
            "crowdTypeID": 101,
            "spawnPosition": {
                "x": 2522.339111328125,
                "y": 203.18179321289062,
                "z": -1128.10400390625
            },
            "spawnFaceFwd": {
                "x": -0.4998852014541626,
                "z": -0.8660917282104492
            },
            "hairColor": {
                "r": 0.29019609093666077,
                "g": 0.3176470696926117,
                "b": 0.3529411852359772,
                "a": 1.0
            },
            "bodyColors": [
                {
                    "r": 0.9333333373069763,
                    "g": 0.8666666746139526,
                    "b": 0.843137264251709,
                    "a": 1.0
                },
                {
                    "r": 0.3333333432674408,
                    "g": 0.364705890417099,
                    "b": 0.43529412150382996,
                    "a": 1.0
                },
                {
                    "r": 0.22745098173618317,
                    "g": 0.2549019753932953,
                    "b": 0.33725491166114807,
                    "a": 1.0
                },
                {
                    "r": 0.6352941393852234,
                    "g": 0.6196078658103943,
                    "b": 0.6549019813537598,
                    "a": 1.0
                }
            ],
            "instanceId": 10003
        },
        {
            "crowdTypeID": 105,
            "animConfigID": 1,
            "spawnPosition": {
                "x": 2521.68701171875,
                "y": 203.06080627441406,
                "z": -1129.197998046875
            },
            "spawnFaceFwd": {
                "x": 0.5673185586929321,
                "z": 0.8234984278678894
            },
            "hairColor": {
                "r": 0.3960784375667572,
                "g": 0.27843138575553894,
                "b": 0.1882352977991104,
                "a": 1.0
            },
            "bodyColors": [
                {
                    "r": 0.9333333373069763,
                    "g": 0.8666666746139526,
                    "b": 0.843137264251709,
                    "a": 1.0
                },
                {
                    "r": 0.7215686440467834,
                    "g": 0.7215686440467834,
                    "b": 0.7215686440467834,
                    "a": 1.0
                },
                {
                    "r": 0.572549045085907,
                    "g": 0.48235294222831726,
                    "b": 0.4000000059604645,
                    "a": 1.0
                },
                {
                    "r": 0.2862745225429535,
                    "g": 0.24313725531101227,
                    "b": 0.24313725531101227,
                    "a": 1.0
                }
            ],
            "instanceId": 10004
        }
    ]
}