{
    "crowdSpawnInfos": [
        {
            "crowdTypeID": 395,
            "spawnPosition": {
                "x": 2359.5380859375,
                "y": 280.9471130371094,
                "z": 2307.0859375
            },
            "spawnFaceFwd": {
                "x": -0.9536092877388,
                "z": -0.30104708671569824
            },
            "hairColor": {
                "r": 0.25882354378700256,
                "g": 0.25882354378700256,
                "b": 0.25882354378700256,
                "a": 1.0
            },
            "bodyColors": [
                {
                    "r": 1.0,
                    "g": 1.0,
                    "b": 1.0,
                    "a": 1.0
                },
                {
                    "r": 1.0,
                    "g": 1.0,
                    "b": 1.0,
                    "a": 1.0
                },
                {
                    "r": 1.0,
                    "g": 1.0,
                    "b": 1.0,
                    "a": 1.0
                },
                {
                    "r": 1.0,
                    "g": 1.0,
                    "b": 1.0,
                    "a": 1.0
                }
            ],
            "instanceId": 10001
        },
        {
            "crowdTypeID": 119,
            "spawnPosition": {
                "x": 2306.489013671875,
                "y": 280.9471130371094,
                "z": 2341.468994140625
            },
            "spawnFaceFwd": {
                "x": -0.1082894429564476,
                "z": 0.99411940574646
            },
            "hairColor": {
                "r": 0.25882354378700256,
                "g": 0.25882354378700256,
                "b": 0.25882354378700256,
                "a": 1.0
            },
            "bodyColors": [
                {
                    "r": 0.9058823585510254,
                    "g": 0.7882353067398071,
                    "b": 0.7333333492279053,
                    "a": 1.0
                },
                {
                    "r": 0.2980392277240753,
                    "g": 0.27843138575553894,
                    "b": 0.3176470696926117,
                    "a": 1.0
                },
                {
                    "r": 0.42352941632270813,
                    "g": 0.4627451002597809,
                    "b": 0.5647059082984924,
                    "a": 1.0
                },
                {
                    "r": 0.6745098233222961,
                    "g": 0.6666666865348816,
                    "b": 0.6549019813537598,
                    "a": 1.0
                }
            ],
            "instanceId": 10002
        },
        {
            "crowdTypeID": 89,
            "animConfigID": 1,
            "spawnPosition": {
                "x": 2324.14599609375,
                "y": 281.9173889160156,
                "z": 2346.800048828125
            },
            "spawnFaceFwd": {
                "x": -0.26632311940193176,
                "z": 0.9638838171958923
            },
            "hairColor": {
                "r": 0.25882354378700256,
                "g": 0.25882354378700256,
                "b": 0.25882354378700256,
                "a": 1.0
            },
            "bodyColors": [
                {
                    "r": 0.9333333373069763,
                    "g": 0.8666666746139526,
                    "b": 0.843137264251709,
                    "a": 1.0
                },
                {
                    "r": 0.572549045085907,
                    "g": 0.5176470875740051,
                    "b": 0.5803921818733215,
                    "a": 1.0
                },
                {
                    "r": 0.8039215803146362,
                    "g": 0.7254902124404907,
                    "b": 0.6941176652908325,
                    "a": 1.0
                },
                {
                    "r": 0.23529411852359772,
                    "g": 0.2549019753932953,
                    "b": 0.30980393290519714,
                    "a": 1.0
                }
            ],
            "instanceId": 10003
        },
        {
            "crowdTypeID": 81,
            "animConfigID": 1,
            "spawnPosition": {
                "x": 2301.18310546875,
                "y": 280.9447021484375,
                "z": 2334.3759765625
            },
            "spawnFaceFwd": {
                "x": -0.7331759333610535,
                "z": -0.6800390481948853
            },
            "hairColor": {
                "r": 0.25882354378700256,
                "g": 0.25882354378700256,
                "b": 0.25882354378700256,
                "a": 1.0
            },
            "bodyColors": [
                {
                    "r": 0.9058823585510254,
                    "g": 0.7882353067398071,
                    "b": 0.7333333492279053,
                    "a": 1.0
                },
                {
                    "r": 0.8039215803146362,
                    "g": 0.7254902124404907,
                    "b": 0.6941176652908325,
                    "a": 1.0
                },
                {
                    "r": 0.572549045085907,
                    "g": 0.5176470875740051,
                    "b": 0.5803921818733215,
                    "a": 1.0
                },
                {
                    "r": 0.23529411852359772,
                    "g": 0.2549019753932953,
                    "b": 0.30980393290519714,
                    "a": 1.0
                }
            ],
            "instanceId": 10004
        },
        {
            "crowdTypeID": 386,
            "spawnPosition": {
                "x": 2300.010009765625,
                "y": 280.9422912597656,
                "z": 2333.279052734375
            },
            "spawnFaceFwd": {
                "x": 0.7159171104431152,
                "z": 0.6981852650642395
            },
            "hairColor": {
                "r": 0.25882354378700256,
                "g": 0.25882354378700256,
                "b": 0.25882354378700256,
                "a": 1.0
            },
            "bodyColors": [
                {
                    "r": 0.9058823585510254,
                    "g": 0.7882353067398071,
                    "b": 0.7333333492279053,
                    "a": 1.0
                },
                {
                    "r": 0.42352941632270813,
                    "g": 0.4627451002597809,
                    "b": 0.5647059082984924,
                    "a": 1.0
                },
                {
                    "r": 0.6745098233222961,
                    "g": 0.6666666865348816,
                    "b": 0.6549019813537598,
                    "a": 1.0
                },
                {
                    "r": 0.2980392277240753,
                    "g": 0.27843138575553894,
                    "b": 0.3176470696926117,
                    "a": 1.0
                }
            ],
            "instanceId": 10005
        },
        {
            "crowdTypeID": 82,
            "animConfigID": 8,
            "spawnPosition": {
                "x": 2337.656982421875,
                "y": 280.9471130371094,
                "z": 2330.14990234375
            },
            "spawnFaceFwd": {
                "x": 0.5147042870521545,
                "z": 0.857367753982544
            },
            "sitOnChair": true,
            "hairColor": {
                "r": 0.29019609093666077,
                "g": 0.3176470696926117,
                "b": 0.3529411852359772,
                "a": 1.0
            },
            "bodyColors": [
                {
                    "r": 0.9058823585510254,
                    "g": 0.7882353067398071,
                    "b": 0.7333333492279053,
                    "a": 1.0
                },
                {
                    "r": 0.42352941632270813,
                    "g": 0.4627451002597809,
                    "b": 0.5647059082984924,
                    "a": 1.0
                },
                {
                    "r": 0.6745098233222961,
                    "g": 0.6666666865348816,
                    "b": 0.6549019813537598,
                    "a": 1.0
                },
                {
                    "r": 0.2980392277240753,
                    "g": 0.27843138575553894,
                    "b": 0.3176470696926117,
                    "a": 1.0
                }
            ],
            "instanceId": 10006
        },
        {
            "crowdTypeID": 77,
            "animConfigID": 9,
            "spawnPosition": {
                "x": 2337.2099609375,
                "y": 280.9471130371094,
                "z": 2331.97802734375
            },
            "spawnFaceFwd": {
                "x": 0.8525060415267944,
                "z": -0.5227173566818237
            },
            "sitOnChair": true,
            "hairColor": {
                "r": 0.29019609093666077,
                "g": 0.3176470696926117,
                "b": 0.3529411852359772,
                "a": 1.0
            },
            "bodyColors": [
                {
                    "r": 0.9333333373069763,
                    "g": 0.8666666746139526,
                    "b": 0.843137264251709,
                    "a": 1.0
                },
                {
                    "r": 0.23529411852359772,
                    "g": 0.2549019753932953,
                    "b": 0.30980393290519714,
                    "a": 1.0
                },
                {
                    "r": 0.8039215803146362,
                    "g": 0.7254902124404907,
                    "b": 0.6941176652908325,
                    "a": 1.0
                },
                {
                    "r": 0.572549045085907,
                    "g": 0.5176470875740051,
                    "b": 0.5803921818733215,
                    "a": 1.0
                }
            ],
            "instanceId": 10007
        },
        {
            "crowdTypeID": 67,
            "spawnPosition": {
                "x": 2358.263916015625,
                "y": 280.9471130371094,
                "z": 2307.300048828125
            },
            "spawnFaceFwd": {
                "x": 0.9888563752174377,
                "z": -0.1488727331161499
            },
            "hairColor": {
                "r": 0.29019609093666077,
                "g": 0.3176470696926117,
                "b": 0.3529411852359772,
                "a": 1.0
            },
            "bodyColors": [
                {
                    "r": 0.9058823585510254,
                    "g": 0.7882353067398071,
                    "b": 0.7333333492279053,
                    "a": 1.0
                },
                {
                    "r": 0.2980392277240753,
                    "g": 0.27843138575553894,
                    "b": 0.3176470696926117,
                    "a": 1.0
                },
                {
                    "r": 0.42352941632270813,
                    "g": 0.4627451002597809,
                    "b": 0.5647059082984924,
                    "a": 1.0
                },
                {
                    "r": 0.6745098233222961,
                    "g": 0.6666666865348816,
                    "b": 0.6549019813537598,
                    "a": 1.0
                }
            ],
            "instanceId": 10008
        },
        {
            "crowdTypeID": 70,
            "animConfigID": 6,
            "spawnPosition": {
                "x": 2358.7548828125,
                "y": 280.9471130371094,
                "z": 2305.97802734375
            },
            "spawnFaceFwd": {
                "x": 0.498055100440979,
                "z": 0.8671454191207886
            },
            "hairColor": {
                "r": 0.25882354378700256,
                "g": 0.25882354378700256,
                "b": 0.25882354378700256,
                "a": 1.0
            },
            "bodyColors": [
                {
                    "r": 0.9058823585510254,
                    "g": 0.7882353067398071,
                    "b": 0.7333333492279053,
                    "a": 1.0
                },
                {
                    "r": 0.239215686917305,
                    "g": 0.2666666805744171,
                    "b": 0.29411765933036804,
                    "a": 1.0
                },
                {
                    "r": 0.47843137383461,
                    "g": 0.4470588266849518,
                    "b": 0.3960784375667572,
                    "a": 1.0
                },
                {
                    "r": 0.7568627595901489,
                    "g": 0.7568627595901489,
                    "b": 0.7254902124404907,
                    "a": 1.0
                }
            ],
            "instanceId": 10009
        },
        {
            "crowdTypeID": 118,
            "animConfigID": 1,
            "spawnPosition": {
                "x": 2333.6669921875,
                "y": 280.94140625,
                "z": 2300.177001953125
            },
            "spawnFaceFwd": {
                "x": 0.8429844975471497,
                "z": 0.5379378795623779
            },
            "hairColor": {
                "r": 0.25882354378700256,
                "g": 0.25882354378700256,
                "b": 0.25882354378700256,
                "a": 1.0
            },
            "bodyColors": [
                {
                    "r": 0.9058823585510254,
                    "g": 0.7882353067398071,
                    "b": 0.7333333492279053,
                    "a": 1.0
                },
                {
                    "r": 0.5686274766921997,
                    "g": 0.572549045085907,
                    "b": 0.6117647290229797,
                    "a": 1.0
                },
                {
                    "r": 0.2235294133424759,
                    "g": 0.2705882489681244,
                    "b": 0.3607843220233917,
                    "a": 1.0
                },
                {
                    "r": 0.3137255012989044,
                    "g": 0.38823530077934265,
                    "b": 0.47843137383461,
                    "a": 1.0
                }
            ],
            "instanceId": 10010
        },
        {
            "crowdTypeID": 76,
            "animConfigID": 11,
            "spawnPosition": {
                "x": 2335.281005859375,
                "y": 280.9364929199219,
                "z": 2300.73095703125
            },
            "spawnFaceFwd": {
                "x": -0.9563515782356262,
                "z": -0.2922182083129883
            },
            "hairColor": {
                "r": 0.25882354378700256,
                "g": 0.25882354378700256,
                "b": 0.25882354378700256,
                "a": 1.0
            },
            "bodyColors": [
                {
                    "r": 0.9333333373069763,
                    "g": 0.8666666746139526,
                    "b": 0.843137264251709,
                    "a": 1.0
                },
                {
                    "r": 0.47843137383461,
                    "g": 0.4470588266849518,
                    "b": 0.3960784375667572,
                    "a": 1.0
                },
                {
                    "r": 0.7568627595901489,
                    "g": 0.7568627595901489,
                    "b": 0.7254902124404907,
                    "a": 1.0
                },
                {
                    "r": 0.239215686917305,
                    "g": 0.2666666805744171,
                    "b": 0.29411765933036804,
                    "a": 1.0
                }
            ],
            "instanceId": 10011
        },
        {
            "crowdTypeID": 85,
            "spawnPosition": {
                "x": 2334.632080078125,
                "y": 280.939697265625,
                "z": 2301.7119140625
            },
            "spawnFaceFwd": {
                "x": -0.5980446934700012,
                "z": -0.8014626502990723
            },
            "hairColor": {
                "r": 0.29019609093666077,
                "g": 0.3176470696926117,
                "b": 0.3529411852359772,
                "a": 1.0
            },
            "bodyColors": [
                {
                    "r": 0.9333333373069763,
                    "g": 0.8666666746139526,
                    "b": 0.843137264251709,
                    "a": 1.0
                },
                {
                    "r": 0.8039215803146362,
                    "g": 0.7254902124404907,
                    "b": 0.6941176652908325,
                    "a": 1.0
                },
                {
                    "r": 0.572549045085907,
                    "g": 0.5176470875740051,
                    "b": 0.5803921818733215,
                    "a": 1.0
                },
                {
                    "r": 0.23529411852359772,
                    "g": 0.2549019753932953,
                    "b": 0.30980393290519714,
                    "a": 1.0
                }
            ],
            "instanceId": 10012
        },
        {
            "crowdTypeID": 90,
            "spawnPosition": {
                "x": 2350.1220703125,
                "y": 280.9471130371094,
                "z": 2298.452880859375
            },
            "spawnFaceFwd": {
                "x": -0.9984430074691772,
                "z": 0.05578148365020752
            },
            "hairColor": {
                "r": 0.8392156958580017,
                "g": 0.8392156958580017,
                "b": 0.8392156958580017,
                "a": 1.0
            },
            "bodyColors": [
                {
                    "r": 0.9058823585510254,
                    "g": 0.7882353067398071,
                    "b": 0.7333333492279053,
                    "a": 1.0
                },
                {
                    "r": 0.5686274766921997,
                    "g": 0.572549045085907,
                    "b": 0.6117647290229797,
                    "a": 1.0
                },
                {
                    "r": 0.3137255012989044,
                    "g": 0.38823530077934265,
                    "b": 0.47843137383461,
                    "a": 1.0
                },
                {
                    "r": 0.2235294133424759,
                    "g": 0.2705882489681244,
                    "b": 0.3607843220233917,
                    "a": 1.0
                }
            ],
            "instanceId": 10013
        },
        {
            "crowdTypeID": 88,
            "spawnPosition": {
                "x": 2348.881103515625,
                "y": 280.9471130371094,
                "z": 2298.5029296875
            },
            "spawnFaceFwd": {
                "x": 0.9999694228172302,
                "z": -0.00781857967376709
            },
            "hairColor": {
                "r": 0.25882354378700256,
                "g": 0.25882354378700256,
                "b": 0.25882354378700256,
                "a": 1.0
            },
            "bodyColors": [
                {
                    "r": 0.9333333373069763,
                    "g": 0.8666666746139526,
                    "b": 0.843137264251709,
                    "a": 1.0
                },
                {
                    "r": 0.23529411852359772,
                    "g": 0.2549019753932953,
                    "b": 0.30980393290519714,
                    "a": 1.0
                },
                {
                    "r": 0.8039215803146362,
                    "g": 0.7254902124404907,
                    "b": 0.6941176652908325,
                    "a": 1.0
                },
                {
                    "r": 0.572549045085907,
                    "g": 0.5176470875740051,
                    "b": 0.5803921818733215,
                    "a": 1.0
                }
            ],
            "instanceId": 10014
        },
        {
            "crowdTypeID": 88,
            "animConfigID": 1,
            "spawnPosition": {
                "x": 2325.012939453125,
                "y": 281.9173889160156,
                "z": 2347.43701171875
            },
            "spawnFaceFwd": {
                "x": -0.9396581053733826,
                "z": 0.34211498498916626
            },
            "hairColor": {
                "r": 0.29019609093666077,
                "g": 0.3176470696926117,
                "b": 0.3529411852359772,
                "a": 1.0
            },
            "bodyColors": [
                {
                    "r": 0.9058823585510254,
                    "g": 0.7882353067398071,
                    "b": 0.7333333492279053,
                    "a": 1.0
                },
                {
                    "r": 0.5686274766921997,
                    "g": 0.572549045085907,
                    "b": 0.6117647290229797,
                    "a": 1.0
                },
                {
                    "r": 0.2235294133424759,
                    "g": 0.2705882489681244,
                    "b": 0.3607843220233917,
                    "a": 1.0
                },
                {
                    "r": 0.3137255012989044,
                    "g": 0.38823530077934265,
                    "b": 0.47843137383461,
                    "a": 1.0
                }
            ],
            "instanceId": 10015
        },
        {
            "crowdTypeID": 91,
            "animConfigID": 1,
            "spawnPosition": {
                "x": 2323.9130859375,
                "y": 281.9173889160156,
                "z": 2348.093017578125
            },
            "spawnFaceFwd": {
                "x": 0.45454707741737366,
                "z": -0.8907227516174316
            },
            "hairColor": {
                "r": 0.8392156958580017,
                "g": 0.8392156958580017,
                "b": 0.8392156958580017,
                "a": 1.0
            },
            "bodyColors": [
                {
                    "r": 0.9058823585510254,
                    "g": 0.7882353067398071,
                    "b": 0.7333333492279053,
                    "a": 1.0
                },
                {
                    "r": 0.239215686917305,
                    "g": 0.2666666805744171,
                    "b": 0.29411765933036804,
                    "a": 1.0
                },
                {
                    "r": 0.47843137383461,
                    "g": 0.4470588266849518,
                    "b": 0.3960784375667572,
                    "a": 1.0
                },
                {
                    "r": 0.7568627595901489,
                    "g": 0.7568627595901489,
                    "b": 0.7254902124404907,
                    "a": 1.0
                }
            ],
            "instanceId": 10016
        },
        {
            "crowdTypeID": 78,
            "animConfigID": 12,
            "spawnPosition": {
                "x": 2335.583984375,
                "y": 281.9173889160156,
                "z": 2344.589111328125
            },
            "spawnFaceFwd": {
                "x": -0.5213894248008728,
                "z": -0.8533189296722412
            },
            "hairColor": {
                "r": 0.25882354378700256,
                "g": 0.25882354378700256,
                "b": 0.25882354378700256,
                "a": 1.0
            },
            "bodyColors": [
                {
                    "r": 0.9333333373069763,
                    "g": 0.8666666746139526,
                    "b": 0.843137264251709,
                    "a": 1.0
                },
                {
                    "r": 0.47843137383461,
                    "g": 0.4470588266849518,
                    "b": 0.3960784375667572,
                    "a": 1.0
                },
                {
                    "r": 0.239215686917305,
                    "g": 0.2666666805744171,
                    "b": 0.29411765933036804,
                    "a": 1.0
                },
                {
                    "r": 0.7568627595901489,
                    "g": 0.7568627595901489,
                    "b": 0.7254902124404907,
                    "a": 1.0
                }
            ],
            "instanceId": 10017
        },
        {
            "crowdTypeID": 64,
            "animConfigID": 3,
            "spawnPosition": {
                "x": 2360.7490234375,
                "y": 280.962890625,
                "z": 2292.6689453125
            },
            "spawnFaceFwd": {
                "x": 0.5743067860603333,
                "z": 0.8186401724815369
            },
            "hairColor": {
                "r": 0.29019609093666077,
                "g": 0.3176470696926117,
                "b": 0.3529411852359772,
                "a": 1.0
            },
            "bodyColors": [
                {
                    "r": 0.9058823585510254,
                    "g": 0.7882353067398071,
                    "b": 0.7333333492279053,
                    "a": 1.0
                },
                {
                    "r": 0.2980392277240753,
                    "g": 0.27843138575553894,
                    "b": 0.3176470696926117,
                    "a": 1.0
                },
                {
                    "r": 0.42352941632270813,
                    "g": 0.4627451002597809,
                    "b": 0.5647059082984924,
                    "a": 1.0
                },
                {
                    "r": 0.6745098233222961,
                    "g": 0.6666666865348816,
                    "b": 0.6549019813537598,
                    "a": 1.0
                }
            ],
            "instanceId": 10018
        },
        {
            "crowdTypeID": 387,
            "spawnPosition": {
                "x": 2276.299072265625,
                "y": 280.8572082519531,
                "z": 2330.715087890625
            },
            "spawnFaceFwd": {
                "x": -0.39588671922683716,
                "z": 0.9182993769645691
            },
            "hairColor": {
                "r": 0.25882354378700256,
                "g": 0.25882354378700256,
                "b": 0.25882354378700256,
                "a": 1.0
            },
            "bodyColors": [
                {
                    "r": 0.9058823585510254,
                    "g": 0.7882353067398071,
                    "b": 0.7333333492279053,
                    "a": 1.0
                },
                {
                    "r": 0.239215686917305,
                    "g": 0.2666666805744171,
                    "b": 0.29411765933036804,
                    "a": 1.0
                },
                {
                    "r": 0.47843137383461,
                    "g": 0.4470588266849518,
                    "b": 0.3960784375667572,
                    "a": 1.0
                },
                {
                    "r": 0.7568627595901489,
                    "g": 0.7568627595901489,
                    "b": 0.7254902124404907,
                    "a": 1.0
                }
            ],
            "instanceId": 10019
        },
        {
            "crowdTypeID": 79,
            "animConfigID": 11,
            "spawnPosition": {
                "x": 2275.79296875,
                "y": 280.8887939453125,
                "z": 2332.050048828125
            },
            "spawnFaceFwd": {
                "x": 0.2732759714126587,
                "z": -0.9619357585906982
            },
            "hairColor": {
                "r": 0.29019609093666077,
                "g": 0.3176470696926117,
                "b": 0.3529411852359772,
                "a": 1.0
            },
            "bodyColors": [
                {
                    "r": 0.9333333373069763,
                    "g": 0.8666666746139526,
                    "b": 0.843137264251709,
                    "a": 1.0
                },
                {
                    "r": 0.3137255012989044,
                    "g": 0.38823530077934265,
                    "b": 0.47843137383461,
                    "a": 1.0
                },
                {
                    "r": 0.2235294133424759,
                    "g": 0.2705882489681244,
                    "b": 0.3607843220233917,
                    "a": 1.0
                },
                {
                    "r": 0.5686274766921997,
                    "g": 0.572549045085907,
                    "b": 0.6117647290229797,
                    "a": 1.0
                }
            ],
            "instanceId": 10020
        },
        {
            "crowdTypeID": 388,
            "spawnPosition": {
                "x": 2260.550048828125,
                "y": 280.723388671875,
                "z": 2343.447021484375
            },
            "spawnFaceFwd": {
                "x": 0.8680039048194885,
                "z": -0.49655747413635254
            },
            "hairColor": {
                "r": 0.25882354378700256,
                "g": 0.25882354378700256,
                "b": 0.25882354378700256,
                "a": 1.0
            },
            "bodyColors": [
                {
                    "r": 0.9058823585510254,
                    "g": 0.7882353067398071,
                    "b": 0.7333333492279053,
                    "a": 1.0
                },
                {
                    "r": 0.572549045085907,
                    "g": 0.5176470875740051,
                    "b": 0.5803921818733215,
                    "a": 1.0
                },
                {
                    "r": 0.8039215803146362,
                    "g": 0.7254902124404907,
                    "b": 0.6941176652908325,
                    "a": 1.0
                },
                {
                    "r": 0.23529411852359772,
                    "g": 0.2549019753932953,
                    "b": 0.30980393290519714,
                    "a": 1.0
                }
            ],
            "instanceId": 10021
        },
        {
            "crowdTypeID": 65,
            "animConfigID": 11,
            "spawnPosition": {
                "x": 2339.593994140625,
                "y": 280.9590148925781,
                "z": 2326.212890625
            },
            "spawnFaceFwd": {
                "x": -0.846660852432251,
                "z": 0.5321328639984131
            },
            "sitOnChair": true,
            "hairColor": {
                "r": 0.25882354378700256,
                "g": 0.25882354378700256,
                "b": 0.25882354378700256,
                "a": 1.0
            },
            "bodyColors": [
                {
                    "r": 0.9058823585510254,
                    "g": 0.7882353067398071,
                    "b": 0.7333333492279053,
                    "a": 1.0
                },
                {
                    "r": 0.8039215803146362,
                    "g": 0.7254902124404907,
                    "b": 0.6941176652908325,
                    "a": 1.0
                },
                {
                    "r": 0.23529411852359772,
                    "g": 0.2549019753932953,
                    "b": 0.30980393290519714,
                    "a": 1.0
                },
                {
                    "r": 0.572549045085907,
                    "g": 0.5176470875740051,
                    "b": 0.5803921818733215,
                    "a": 1.0
                }
            ],
            "instanceId": 10022
        },
        {
            "crowdTypeID": 67,
            "animConfigID": 6,
            "spawnPosition": {
                "x": 2341.283935546875,
                "y": 280.9722900390625,
                "z": 2285.93701171875
            },
            "spawnFaceFwd": {
                "x": -0.0224588755518198,
                "z": 0.9997477531433105
            },
            "hairColor": {
                "r": 0.25882354378700256,
                "g": 0.25882354378700256,
                "b": 0.25882354378700256,
                "a": 1.0
            },
            "bodyColors": [
                {
                    "r": 0.9058823585510254,
                    "g": 0.7882353067398071,
                    "b": 0.7333333492279053,
                    "a": 1.0
                },
                {
                    "r": 0.4941176474094391,
                    "g": 0.2980392277240753,
                    "b": 0.2980392277240753,
                    "a": 1.0
                },
                {
                    "r": 0.6470588445663452,
                    "g": 0.6470588445663452,
                    "b": 0.6470588445663452,
                    "a": 1.0
                },
                {
                    "r": 0.2666666805744171,
                    "g": 0.29411765933036804,
                    "b": 0.3019607961177826,
                    "a": 1.0
                }
            ],
            "instanceId": 10023
        },
        {
            "crowdTypeID": 68,
            "animConfigID": 3,
            "spawnPosition": {
                "x": 2269.60302734375,
                "y": 280.8185119628906,
                "z": 2342.614990234375
            },
            "spawnFaceFwd": {
                "x": -0.24586081504821777,
                "z": 0.969305157661438
            },
            "hairColor": {
                "r": 0.25882354378700256,
                "g": 0.25882354378700256,
                "b": 0.25882354378700256,
                "a": 1.0
            },
            "bodyColors": [
                {
                    "r": 0.9058823585510254,
                    "g": 0.7882353067398071,
                    "b": 0.7333333492279053,
                    "a": 1.0
                },
                {
                    "r": 0.2980392277240753,
                    "g": 0.27843138575553894,
                    "b": 0.3176470696926117,
                    "a": 1.0
                },
                {
                    "r": 0.42352941632270813,
                    "g": 0.4627451002597809,
                    "b": 0.5647059082984924,
                    "a": 1.0
                },
                {
                    "r": 0.6745098233222961,
                    "g": 0.6666666865348816,
                    "b": 0.6549019813537598,
                    "a": 1.0
                }
            ],
            "instanceId": 10024
        },
        {
            "crowdTypeID": 64,
            "animConfigID": 9,
            "spawnPosition": {
                "x": 2313.405029296875,
                "y": 281.9173889160156,
                "z": 2354.262939453125
            },
            "spawnFaceFwd": {
                "x": -0.22371964156627655,
                "z": -0.9746534824371338
            },
            "hairColor": {
                "r": 0.29019609093666077,
                "g": 0.3176470696926117,
                "b": 0.3529411852359772,
                "a": 1.0
            },
            "bodyColors": [
                {
                    "r": 0.9058823585510254,
                    "g": 0.7882353067398071,
                    "b": 0.7333333492279053,
                    "a": 1.0
                },
                {
                    "r": 0.2666666805744171,
                    "g": 0.2078431397676468,
                    "b": 0.23529411852359772,
                    "a": 1.0
                },
                {
                    "r": 0.4117647111415863,
                    "g": 0.35686275362968445,
                    "b": 0.3960784375667572,
                    "a": 1.0
                },
                {
                    "r": 0.5647059082984924,
                    "g": 0.5490196347236633,
                    "b": 0.5607843399047852,
                    "a": 1.0
                }
            ],
            "instanceId": 10025
        },
        {
            "crowdTypeID": 77,
            "animConfigID": 2,
            "spawnPosition": {
                "x": 2312.73388671875,
                "y": 281.9173889160156,
                "z": 2352.93408203125
            },
            "spawnFaceFwd": {
                "x": 0.4409460723400116,
                "z": 0.8975335955619812
            },
            "hairColor": {
                "r": 0.25882354378700256,
                "g": 0.25882354378700256,
                "b": 0.25882354378700256,
                "a": 1.0
            },
            "bodyColors": [
                {
                    "r": 0.9333333373069763,
                    "g": 0.8666666746139526,
                    "b": 0.843137264251709,
                    "a": 1.0
                },
                {
                    "r": 0.8039215803146362,
                    "g": 0.7254902124404907,
                    "b": 0.6941176652908325,
                    "a": 1.0
                },
                {
                    "r": 0.572549045085907,
                    "g": 0.5176470875740051,
                    "b": 0.5803921818733215,
                    "a": 1.0
                },
                {
                    "r": 0.23529411852359772,
                    "g": 0.2549019753932953,
                    "b": 0.30980393290519714,
                    "a": 1.0
                }
            ],
            "instanceId": 10026
        },
        {
            "crowdTypeID": 125,
            "spawnPosition": {
                "x": 2346.59912109375,
                "y": 280.9471130371094,
                "z": 2324.611083984375
            },
            "spawnFaceFwd": {
                "x": 0.5439425706863403,
                "z": 0.8391224145889282
            },
            "hairColor": {
                "r": 0.25882354378700256,
                "g": 0.25882354378700256,
                "b": 0.25882354378700256,
                "a": 1.0
            },
            "bodyColors": [
                {
                    "r": 0.9333333373069763,
                    "g": 0.8666666746139526,
                    "b": 0.843137264251709,
                    "a": 1.0
                },
                {
                    "r": 0.41960784792900085,
                    "g": 0.41960784792900085,
                    "b": 0.4117647111415863,
                    "a": 1.0
                },
                {
                    "r": 0.3764705955982208,
                    "g": 0.2823529541492462,
                    "b": 0.2823529541492462,
                    "a": 1.0
                },
                {
                    "r": 0.2549019753932953,
                    "g": 0.26274511218070984,
                    "b": 0.2705882489681244,
                    "a": 1.0
                }
            ],
            "instanceId": 10027
        }
    ]
}