{
  "crowdSpawnInfos": [
    {
      "crowdTypeID": 403,
      "spawnPosition": {
        "x": -1258.7650146484375,
        "y": 376.6590881347656,
        "z": 9521.2099609375
      },
      "spawnFaceFwd": {
        "x": 0.3841390013694763,
        "z": 0.9232752919197083
      },
      "hairColor": {
        "r": 0.3960784375667572,
        "g": 0.27843138575553894,
        "b": 0.1882352977991104,
        "a": 1.0
      },
      "bodyColors": [
        {
          "r": 0.9333333373069763,
          "g": 0.8666666746139526,
          "b": 0.843137264251709,
          "a": 1.0
        },
        {
          "r": 0.47058823704719543,
          "g": 0.33725491166114807,
          "b": 0.3176470696926117,
          "a": 1.0
        },
        {
          "r": 0.6509804129600525,
          "g": 0.364705890417099,
          "b": 0.3450980484485626,
          "a": 1.0
        },
        {
          "r": 0.8196078538894653,
          "g": 0.7568627595901489,
          "b": 0.729411780834198,
          "a": 1.0
        }
      ],
      "instanceId": 40003
    },
    {
      "crowdTypeID": 478,
      "animConfigID": 2,
      "spawnPosition": {
        "x": -1273.030029296875,
        "y": 376.2762145996094,
        "z": 9525.0654296875
      },
      "spawnFaceFwd": {
        "x": 0.8039878606796265,
        "z": 0.5946457386016846
      },
      "hairColor": {
        "r": 0.4274509847164154,
        "g": 0.37254902720451355,
        "b": 0.3019607961177826,
        "a": 1.0
      },
      "bodyColors": [
        {
          "r": 0.9058823585510254,
          "g": 0.7882353067398071,
          "b": 0.7333333492279053,
          "a": 1.0
        },
        {
          "r": 0.47058823704719543,
          "g": 0.33725491166114807,
          "b": 0.3176470696926117,
          "a": 1.0
        },
        {
          "r": 0.6509804129600525,
          "g": 0.364705890417099,
          "b": 0.3450980484485626,
          "a": 1.0
        },
        {
          "r": 0.8196078538894653,
          "g": 0.7568627595901489,
          "b": 0.729411780834198,
          "a": 1.0
        }
      ],
      "instanceId": 40004
    },
    {
      "crowdTypeID": 458,
      "animConfigID": 1,
      "spawnPosition": {
        "x": -1262.4169921875,
        "y": 374.448486328125,
        "z": 9535.8681640625
      },
      "spawnFaceFwd": {
        "x": 0.9973505735397339,
        "z": -0.07274472713470459
      },
      "hairColor": {
        "r": 0.4274509847164154,
        "g": 0.37254902720451355,
        "b": 0.3019607961177826,
        "a": 1.0
      },
      "bodyColors": [
        {
          "r": 0.9058823585510254,
          "g": 0.7882353067398071,
          "b": 0.7333333492279053,
          "a": 1.0
        },
        {
          "r": 0.8313725590705872,
          "g": 0.7490196228027344,
          "b": 0.7372549176216125,
          "a": 1.0
        },
        {
          "r": 0.7019608020782471,
          "g": 0.49803921580314636,
          "b": 0.4117647111415863,
          "a": 1.0
        },
        {
          "r": 0.34117648005485535,
          "g": 0.1921568661928177,
          "b": 0.1882352977991104,
          "a": 1.0
        }
      ],
      "instanceId": 40005
    },
    {
      "crowdTypeID": 449,
      "animConfigID": 2,
      "spawnPosition": {
        "x": -1261.324951171875,
        "y": 374.34478759765625,
        "z": 9535.935546875
      },
      "spawnFaceFwd": {
        "x": -0.9312455654144287,
        "z": -0.36439216136932373
      },
      "hairColor": {
        "r": 0.3960784375667572,
        "g": 0.27843138575553894,
        "b": 0.1882352977991104,
        "a": 1.0
      },
      "bodyColors": [
        {
          "r": 0.9333333373069763,
          "g": 0.8666666746139526,
          "b": 0.843137264251709,
          "a": 1.0
        },
        {
          "r": 0.8196078538894653,
          "g": 0.7568627595901489,
          "b": 0.729411780834198,
          "a": 1.0
        },
        {
          "r": 0.6509804129600525,
          "g": 0.364705890417099,
          "b": 0.3450980484485626,
          "a": 1.0
        },
        {
          "r": 0.47058823704719543,
          "g": 0.33725491166114807,
          "b": 0.3176470696926117,
          "a": 1.0
        }
      ],
      "instanceId": 40006
    },
    {
      "crowdTypeID": 417,
      "animConfigID": 2,
      "spawnPosition": {
        "x": -1260.407958984375,
        "y": 375.97119140625,
        "z": 9530.3447265625
      },
      "spawnFaceFwd": {
        "x": 0.057835862040519714,
        "z": -0.9983261823654175
      },
      "hairColor": {
        "r": 0.3960784375667572,
        "g": 0.27843138575553894,
        "b": 0.1882352977991104,
        "a": 1.0
      },
      "bodyColors": [
        {
          "r": 0.9333333373069763,
          "g": 0.8666666746139526,
          "b": 0.843137264251709,
          "a": 1.0
        },
        {
          "r": 0.47058823704719543,
          "g": 0.33725491166114807,
          "b": 0.3176470696926117,
          "a": 1.0
        },
        {
          "r": 0.6509804129600525,
          "g": 0.364705890417099,
          "b": 0.3450980484485626,
          "a": 1.0
        },
        {
          "r": 0.8196078538894653,
          "g": 0.7568627595901489,
          "b": 0.729411780834198,
          "a": 1.0
        }
      ],
      "instanceId": 40007
    },
    {
      "crowdTypeID": 414,
      "animConfigID": 3,
      "spawnPosition": {
        "x": -1256.4439697265625,
        "y": 376.6796875,
        "z": 9520.4423828125
      },
      "spawnFaceFwd": {
        "x": -0.030670901760458946,
        "z": 0.9995295405387878
      },
      "hairColor": {
        "r": 0.5215686559677124,
        "g": 0.40392157435417175,
        "b": 0.2549019753932953,
        "a": 1.0
      },
      "bodyColors": [
        {
          "r": 0.7921568751335144,
          "g": 0.6549019813537598,
          "b": 0.5843137502670288,
          "a": 1.0
        },
        {
          "r": 0.47058823704719543,
          "g": 0.33725491166114807,
          "b": 0.3176470696926117,
          "a": 1.0
        },
        {
          "r": 0.6509804129600525,
          "g": 0.364705890417099,
          "b": 0.3450980484485626,
          "a": 1.0
        },
        {
          "r": 0.8196078538894653,
          "g": 0.7568627595901489,
          "b": 0.729411780834198,
          "a": 1.0
        }
      ],
      "instanceId": 40008
    },
    {
      "crowdTypeID": 414,
      "spawnPosition": {
        "x": -1263.3349609375,
        "y": 376.6752014160156,
        "z": 9522.66796875
      },
      "spawnFaceFwd": {
        "x": 0.4004972577095032,
        "z": 0.916297972202301
      },
      "hairColor": {
        "r": 0.25882354378700256,
        "g": 0.25882354378700256,
        "b": 0.25882354378700256,
        "a": 1.0
      },
      "bodyColors": [
        {
          "r": 0.9058823585510254,
          "g": 0.7882353067398071,
          "b": 0.7333333492279053,
          "a": 1.0
        },
        {
          "r": 0.47058823704719543,
          "g": 0.33725491166114807,
          "b": 0.3176470696926117,
          "a": 1.0
        },
        {
          "r": 0.6509804129600525,
          "g": 0.364705890417099,
          "b": 0.3450980484485626,
          "a": 1.0
        },
        {
          "r": 0.8196078538894653,
          "g": 0.7568627595901489,
          "b": 0.729411780834198,
          "a": 1.0
        }
      ],
      "instanceId": 40009
    },
    {
      "crowdTypeID": 418,
      "animConfigID": 2,
      "spawnPosition": {
        "x": -1262.656005859375,
        "y": 376.0877990722656,
        "z": 9530.3193359375
      },
      "spawnFaceFwd": {
        "x": 0.9207597970962524,
        "z": -0.39013028144836426
      },
      "hairColor": {
        "r": 0.5215686559677124,
        "g": 0.40392157435417175,
        "b": 0.2549019753932953,
        "a": 1.0
      },
      "bodyColors": [
        {
          "r": 0.9333333373069763,
          "g": 0.8666666746139526,
          "b": 0.843137264251709,
          "a": 1.0
        },
        {
          "r": 0.8196078538894653,
          "g": 0.7568627595901489,
          "b": 0.729411780834198,
          "a": 1.0
        },
        {
          "r": 0.6509804129600525,
          "g": 0.364705890417099,
          "b": 0.3450980484485626,
          "a": 1.0
        },
        {
          "r": 0.47058823704719543,
          "g": 0.33725491166114807,
          "b": 0.3176470696926117,
          "a": 1.0
        }
      ],
      "instanceId": 40010
    },
    {
      "crowdTypeID": 408,
      "animConfigID": 2,
      "spawnPosition": {
        "x": -1257.6300048828125,
        "y": 376.67730712890625,
        "z": 9520.822265625
      },
      "spawnFaceFwd": {
        "x": 0.005097958724945784,
        "z": 0.999987006187439
      },
      "hairColor": {
        "r": 0.4274509847164154,
        "g": 0.37254902720451355,
        "b": 0.3019607961177826,
        "a": 1.0
      },
      "bodyColors": [
        {
          "r": 0.9058823585510254,
          "g": 0.7882353067398071,
          "b": 0.7333333492279053,
          "a": 1.0
        },
        {
          "r": 0.8196078538894653,
          "g": 0.7568627595901489,
          "b": 0.729411780834198,
          "a": 1.0
        },
        {
          "r": 0.6509804129600525,
          "g": 0.364705890417099,
          "b": 0.3450980484485626,
          "a": 1.0
        },
        {
          "r": 0.47058823704719543,
          "g": 0.33725491166114807,
          "b": 0.3176470696926117,
          "a": 1.0
        }
      ],
      "instanceId": 40011
    },
    {
      "crowdTypeID": 408,
      "spawnPosition": {
        "x": -1257.9310302734375,
        "y": 375.6419982910156,
        "z": 9530.1064453125
      },
      "spawnFaceFwd": {
        "x": 0.13938236236572266,
        "z": -0.9902386665344238
      },
      "hairColor": {
        "r": 0.5215686559677124,
        "g": 0.40392157435417175,
        "b": 0.2549019753932953,
        "a": 1.0
      },
      "bodyColors": [
        {
          "r": 0.9058823585510254,
          "g": 0.7882353067398071,
          "b": 0.7333333492279053,
          "a": 1.0
        },
        {
          "r": 0.8196078538894653,
          "g": 0.7568627595901489,
          "b": 0.729411780834198,
          "a": 1.0
        },
        {
          "r": 0.6509804129600525,
          "g": 0.364705890417099,
          "b": 0.3450980484485626,
          "a": 1.0
        },
        {
          "r": 0.47058823704719543,
          "g": 0.33725491166114807,
          "b": 0.3176470696926117,
          "a": 1.0
        }
      ],
      "instanceId": 40012
    },
    {
      "crowdTypeID": 417,
      "animConfigID": 2,
      "spawnPosition": {
        "x": -1261.4520263671875,
        "y": 376.631591796875,
        "z": 9523.021484375
      },
      "spawnFaceFwd": {
        "x": 0.39612680673599243,
        "z": 0.9181958436965942
      },
      "hairColor": {
        "r": 0.5215686559677124,
        "g": 0.40392157435417175,
        "b": 0.2549019753932953,
        "a": 1.0
      },
      "bodyColors": [
        {
          "r": 0.9058823585510254,
          "g": 0.7882353067398071,
          "b": 0.7333333492279053,
          "a": 1.0
        },
        {
          "r": 0.8313725590705872,
          "g": 0.7490196228027344,
          "b": 0.7372549176216125,
          "a": 1.0
        },
        {
          "r": 0.7019608020782471,
          "g": 0.49803921580314636,
          "b": 0.4117647111415863,
          "a": 1.0
        },
        {
          "r": 0.34117648005485535,
          "g": 0.1921568661928177,
          "b": 0.1882352977991104,
          "a": 1.0
        }
      ],
      "instanceId": 40013
    }
  ]
}