{
    "crowdSpawnInfos": [
        {
            "crowdTypeID": 76,
            "animConfigID": 9,
            "spawnPosition": {
                "x": 2432.028076171875,
                "y": 341.8627014160156,
                "z": 2424.4140625
            },
            "spawnFaceFwd": {
                "x": -0.26236405968666077,
                "z": 0.9649689793586731
            },
            "sitOnChair": true,
            "hairColor": {
                "r": 0.29019609093666077,
                "g": 0.3176470696926117,
                "b": 0.3529411852359772,
                "a": 1.0
            },
            "bodyColors": [
                {
                    "r": 0.9333333373069763,
                    "g": 0.8666666746139526,
                    "b": 0.843137264251709,
                    "a": 1.0
                },
                {
                    "r": 0.5686274766921997,
                    "g": 0.572549045085907,
                    "b": 0.6117647290229797,
                    "a": 1.0
                },
                {
                    "r": 0.2235294133424759,
                    "g": 0.2705882489681244,
                    "b": 0.3607843220233917,
                    "a": 1.0
                },
                {
                    "r": 0.3137255012989044,
                    "g": 0.38823530077934265,
                    "b": 0.47843137383461,
                    "a": 1.0
                }
            ],
            "instanceId": 30001
        },
        {
            "crowdTypeID": 65,
            "animConfigID": 8,
            "spawnPosition": {
                "x": 2432.632080078125,
                "y": 341.8819885253906,
                "z": 2424.634033203125
            },
            "spawnFaceFwd": {
                "x": -0.4187454581260681,
                "z": 0.9081036448478699
            },
            "sitOnChair": true,
            "hairColor": {
                "r": 0.25882354378700256,
                "g": 0.25882354378700256,
                "b": 0.25882354378700256,
                "a": 1.0
            },
            "bodyColors": [
                {
                    "r": 0.9058823585510254,
                    "g": 0.7882353067398071,
                    "b": 0.7333333492279053,
                    "a": 1.0
                },
                {
                    "r": 0.47843137383461,
                    "g": 0.4470588266849518,
                    "b": 0.3960784375667572,
                    "a": 1.0
                },
                {
                    "r": 0.239215686917305,
                    "g": 0.2666666805744171,
                    "b": 0.29411765933036804,
                    "a": 1.0
                },
                {
                    "r": 0.7568627595901489,
                    "g": 0.7568627595901489,
                    "b": 0.7254902124404907,
                    "a": 1.0
                }
            ],
            "instanceId": 30002
        },
        {
            "crowdTypeID": 88,
            "animConfigID": 1,
            "spawnPosition": {
                "x": 2415.053955078125,
                "y": 343.0589904785156,
                "z": 2408.544921875
            },
            "spawnFaceFwd": {
                "x": 0.29323717951774597,
                "z": 0.9560397267341614
            },
            "hairColor": {
                "r": 0.25882354378700256,
                "g": 0.25882354378700256,
                "b": 0.25882354378700256,
                "a": 1.0
            },
            "bodyColors": [
                {
                    "r": 0.9333333373069763,
                    "g": 0.8666666746139526,
                    "b": 0.843137264251709,
                    "a": 1.0
                },
                {
                    "r": 0.572549045085907,
                    "g": 0.5176470875740051,
                    "b": 0.5803921818733215,
                    "a": 1.0
                },
                {
                    "r": 0.23529411852359772,
                    "g": 0.2549019753932953,
                    "b": 0.30980393290519714,
                    "a": 1.0
                },
                {
                    "r": 0.8039215803146362,
                    "g": 0.7254902124404907,
                    "b": 0.6941176652908325,
                    "a": 1.0
                }
            ],
            "instanceId": 30003
        },
        {
            "crowdTypeID": 91,
            "animConfigID": 1,
            "spawnPosition": {
                "x": 2415.530029296875,
                "y": 343.0589904785156,
                "z": 2409.68505859375
            },
            "spawnFaceFwd": {
                "x": -0.3647288978099823,
                "z": -0.931113600730896
            },
            "hairColor": {
                "r": 0.8392156958580017,
                "g": 0.8392156958580017,
                "b": 0.8392156958580017,
                "a": 1.0
            },
            "bodyColors": [
                {
                    "r": 0.9058823585510254,
                    "g": 0.7882353067398071,
                    "b": 0.7333333492279053,
                    "a": 1.0
                },
                {
                    "r": 0.23529411852359772,
                    "g": 0.2549019753932953,
                    "b": 0.30980393290519714,
                    "a": 1.0
                },
                {
                    "r": 0.572549045085907,
                    "g": 0.5176470875740051,
                    "b": 0.5803921818733215,
                    "a": 1.0
                },
                {
                    "r": 0.8039215803146362,
                    "g": 0.7254902124404907,
                    "b": 0.6941176652908325,
                    "a": 1.0
                }
            ],
            "instanceId": 30004
        },
        {
            "crowdTypeID": 124,
            "spawnPosition": {
                "x": 2402.5419921875,
                "y": 343.0589904785156,
                "z": 2408.197998046875
            },
            "spawnFaceFwd": {
                "x": -0.3940288722515106,
                "z": 0.9190980792045593
            },
            "hairColor": {
                "r": 0.29019609093666077,
                "g": 0.3176470696926117,
                "b": 0.3529411852359772,
                "a": 1.0
            },
            "bodyColors": [
                {
                    "r": 0.9058823585510254,
                    "g": 0.7882353067398071,
                    "b": 0.7333333492279053,
                    "a": 1.0
                },
                {
                    "r": 0.2666666805744171,
                    "g": 0.2078431397676468,
                    "b": 0.23529411852359772,
                    "a": 1.0
                },
                {
                    "r": 0.4117647111415863,
                    "g": 0.35686275362968445,
                    "b": 0.3960784375667572,
                    "a": 1.0
                },
                {
                    "r": 0.5647059082984924,
                    "g": 0.5490196347236633,
                    "b": 0.5607843399047852,
                    "a": 1.0
                }
            ],
            "instanceId": 30005
        },
        {
            "crowdTypeID": 89,
            "animConfigID": 1,
            "spawnPosition": {
                "x": 2409.742919921875,
                "y": 340.8091125488281,
                "z": 2428.72998046875
            },
            "spawnFaceFwd": {
                "x": 0.8598613142967224,
                "z": -0.5105278491973877
            },
            "hairColor": {
                "r": 0.29019609093666077,
                "g": 0.3176470696926117,
                "b": 0.3529411852359772,
                "a": 1.0
            },
            "bodyColors": [
                {
                    "r": 0.9333333373069763,
                    "g": 0.8666666746139526,
                    "b": 0.843137264251709,
                    "a": 1.0
                },
                {
                    "r": 0.6745098233222961,
                    "g": 0.6666666865348816,
                    "b": 0.6549019813537598,
                    "a": 1.0
                },
                {
                    "r": 0.42352941632270813,
                    "g": 0.4627451002597809,
                    "b": 0.5647059082984924,
                    "a": 1.0
                },
                {
                    "r": 0.2980392277240753,
                    "g": 0.27843138575553894,
                    "b": 0.3176470696926117,
                    "a": 1.0
                }
            ],
            "instanceId": 30006
        },
        {
            "crowdTypeID": 81,
            "animConfigID": 12,
            "spawnPosition": {
                "x": 2410.23388671875,
                "y": 340.8091125488281,
                "z": 2427.41796875
            },
            "spawnFaceFwd": {
                "x": -0.3558444380760193,
                "z": 0.9345452189445496
            },
            "hairColor": {
                "r": 0.29019609093666077,
                "g": 0.3176470696926117,
                "b": 0.3529411852359772,
                "a": 1.0
            },
            "bodyColors": [
                {
                    "r": 0.9058823585510254,
                    "g": 0.7882353067398071,
                    "b": 0.7333333492279053,
                    "a": 1.0
                },
                {
                    "r": 0.3764705955982208,
                    "g": 0.2823529541492462,
                    "b": 0.2823529541492462,
                    "a": 1.0
                },
                {
                    "r": 0.2549019753932953,
                    "g": 0.26274511218070984,
                    "b": 0.2705882489681244,
                    "a": 1.0
                },
                {
                    "r": 0.41960784792900085,
                    "g": 0.41960784792900085,
                    "b": 0.4117647111415863,
                    "a": 1.0
                }
            ],
            "instanceId": 30007
        },
        {
            "crowdTypeID": 86,
            "animConfigID": 1,
            "spawnPosition": {
                "x": 2410.93896484375,
                "y": 340.8091125488281,
                "z": 2428.407958984375
            },
            "spawnFaceFwd": {
                "x": -0.9474813342094421,
                "z": 0.31981104612350464
            },
            "hairColor": {
                "r": 0.25882354378700256,
                "g": 0.25882354378700256,
                "b": 0.25882354378700256,
                "a": 1.0
            },
            "bodyColors": [
                {
                    "r": 0.9333333373069763,
                    "g": 0.8666666746139526,
                    "b": 0.843137264251709,
                    "a": 1.0
                },
                {
                    "r": 0.572549045085907,
                    "g": 0.5176470875740051,
                    "b": 0.5803921818733215,
                    "a": 1.0
                },
                {
                    "r": 0.8039215803146362,
                    "g": 0.7254902124404907,
                    "b": 0.6941176652908325,
                    "a": 1.0
                },
                {
                    "r": 0.23529411852359772,
                    "g": 0.2549019753932953,
                    "b": 0.30980393290519714,
                    "a": 1.0
                }
            ],
            "instanceId": 30008
        },
        {
            "crowdTypeID": 124,
            "spawnPosition": {
                "x": 2386.93701171875,
                "y": 342.3301086425781,
                "z": 2429.02001953125
            },
            "spawnFaceFwd": {
                "x": 0.7370272874832153,
                "z": 0.6758629679679871
            },
            "hairColor": {
                "r": 0.29019609093666077,
                "g": 0.3176470696926117,
                "b": 0.3529411852359772,
                "a": 1.0
            },
            "bodyColors": [
                {
                    "r": 0.9058823585510254,
                    "g": 0.7882353067398071,
                    "b": 0.7333333492279053,
                    "a": 1.0
                },
                {
                    "r": 0.42352941632270813,
                    "g": 0.4627451002597809,
                    "b": 0.5647059082984924,
                    "a": 1.0
                },
                {
                    "r": 0.6745098233222961,
                    "g": 0.6666666865348816,
                    "b": 0.6549019813537598,
                    "a": 1.0
                },
                {
                    "r": 0.2980392277240753,
                    "g": 0.27843138575553894,
                    "b": 0.3176470696926117,
                    "a": 1.0
                }
            ],
            "instanceId": 30009
        },
        {
            "crowdTypeID": 78,
            "animConfigID": 12,
            "spawnPosition": {
                "x": 2396.279052734375,
                "y": 342.418701171875,
                "z": 2428.35595703125
            },
            "spawnFaceFwd": {
                "x": 0.5081818103790283,
                "z": -0.8612498044967651
            },
            "hairColor": {
                "r": 0.25882354378700256,
                "g": 0.25882354378700256,
                "b": 0.25882354378700256,
                "a": 1.0
            },
            "bodyColors": [
                {
                    "r": 0.9333333373069763,
                    "g": 0.8666666746139526,
                    "b": 0.843137264251709,
                    "a": 1.0
                },
                {
                    "r": 0.572549045085907,
                    "g": 0.5176470875740051,
                    "b": 0.5803921818733215,
                    "a": 1.0
                },
                {
                    "r": 0.23529411852359772,
                    "g": 0.2549019753932953,
                    "b": 0.30980393290519714,
                    "a": 1.0
                },
                {
                    "r": 0.8039215803146362,
                    "g": 0.7254902124404907,
                    "b": 0.6941176652908325,
                    "a": 1.0
                }
            ],
            "instanceId": 30010
        },
        {
            "crowdTypeID": 79,
            "animConfigID": 7,
            "spawnPosition": {
                "x": 2391.56494140625,
                "y": 342.3301086425781,
                "z": 2437.55908203125
            },
            "spawnFaceFwd": {
                "x": -0.2769421935081482,
                "z": 0.9608865976333618
            },
            "hairColor": {
                "r": 0.25882354378700256,
                "g": 0.25882354378700256,
                "b": 0.25882354378700256,
                "a": 1.0
            },
            "bodyColors": [
                {
                    "r": 0.9333333373069763,
                    "g": 0.8666666746139526,
                    "b": 0.843137264251709,
                    "a": 1.0
                },
                {
                    "r": 0.23529411852359772,
                    "g": 0.2549019753932953,
                    "b": 0.30980393290519714,
                    "a": 1.0
                },
                {
                    "r": 0.8039215803146362,
                    "g": 0.7254902124404907,
                    "b": 0.6941176652908325,
                    "a": 1.0
                },
                {
                    "r": 0.572549045085907,
                    "g": 0.5176470875740051,
                    "b": 0.5803921818733215,
                    "a": 1.0
                }
            ],
            "instanceId": 30011
        },
        {
            "crowdTypeID": 104,
            "animConfigID": 9,
            "spawnPosition": {
                "x": 2426.4208984375,
                "y": 351.5404968261719,
                "z": 2450.75390625
            },
            "spawnFaceFwd": {
                "x": 0.3111459016799927,
                "z": -0.9503622055053711
            },
            "sitOnChair": true,
            "hairColor": {
                "r": 0.5215686559677124,
                "g": 0.40392157435417175,
                "b": 0.2549019753932953,
                "a": 1.0
            },
            "bodyColors": [
                {
                    "r": 0.9333333373069763,
                    "g": 0.8666666746139526,
                    "b": 0.843137264251709,
                    "a": 1.0
                },
                {
                    "r": 0.5882353186607361,
                    "g": 0.4156862795352936,
                    "b": 0.4156862795352936,
                    "a": 1.0
                },
                {
                    "r": 0.772549033164978,
                    "g": 0.7607843279838562,
                    "b": 0.7450980544090271,
                    "a": 1.0
                },
                {
                    "r": 0.2862745225429535,
                    "g": 0.21568627655506134,
                    "b": 0.21568627655506134,
                    "a": 1.0
                }
            ],
            "instanceId": 30012
        },
        {
            "crowdTypeID": 119,
            "spawnPosition": {
                "x": 2382.19189453125,
                "y": 342.3301086425781,
                "z": 2441.0009765625
            },
            "spawnFaceFwd": {
                "x": -0.30074265599250793,
                "z": 0.9537053108215332
            },
            "hairColor": {
                "r": 0.29019609093666077,
                "g": 0.3176470696926117,
                "b": 0.3529411852359772,
                "a": 1.0
            },
            "bodyColors": [
                {
                    "r": 0.9058823585510254,
                    "g": 0.7882353067398071,
                    "b": 0.7333333492279053,
                    "a": 1.0
                },
                {
                    "r": 0.7568627595901489,
                    "g": 0.7568627595901489,
                    "b": 0.7254902124404907,
                    "a": 1.0
                },
                {
                    "r": 0.239215686917305,
                    "g": 0.2666666805744171,
                    "b": 0.29411765933036804,
                    "a": 1.0
                },
                {
                    "r": 0.47843137383461,
                    "g": 0.4470588266849518,
                    "b": 0.3960784375667572,
                    "a": 1.0
                }
            ],
            "instanceId": 30013
        },
        {
            "crowdTypeID": 85,
            "animConfigID": 8,
            "spawnPosition": {
                "x": 2440.008056640625,
                "y": 354.31500244140625,
                "z": 2478.794921875
            },
            "spawnFaceFwd": {
                "x": -0.2972831130027771,
                "z": 0.954789400100708
            },
            "hairColor": {
                "r": 0.29019609093666077,
                "g": 0.3176470696926117,
                "b": 0.3529411852359772,
                "a": 1.0
            },
            "bodyColors": [
                {
                    "r": 0.9333333373069763,
                    "g": 0.8666666746139526,
                    "b": 0.843137264251709,
                    "a": 1.0
                },
                {
                    "r": 0.8039215803146362,
                    "g": 0.7254902124404907,
                    "b": 0.6941176652908325,
                    "a": 1.0
                },
                {
                    "r": 0.572549045085907,
                    "g": 0.5176470875740051,
                    "b": 0.5803921818733215,
                    "a": 1.0
                },
                {
                    "r": 0.23529411852359772,
                    "g": 0.2549019753932953,
                    "b": 0.30980393290519714,
                    "a": 1.0
                }
            ],
            "instanceId": 30014
        },
        {
            "crowdTypeID": 75,
            "animConfigID": 11,
            "spawnPosition": {
                "x": 2435.330078125,
                "y": 354.31500244140625,
                "z": 2459.48193359375
            },
            "spawnFaceFwd": {
                "x": 0.9620023369789124,
                "z": 0.2730412483215332
            },
            "hairColor": {
                "r": 0.25882354378700256,
                "g": 0.25882354378700256,
                "b": 0.25882354378700256,
                "a": 1.0
            },
            "bodyColors": [
                {
                    "r": 0.9333333373069763,
                    "g": 0.8666666746139526,
                    "b": 0.843137264251709,
                    "a": 1.0
                },
                {
                    "r": 0.7568627595901489,
                    "g": 0.7568627595901489,
                    "b": 0.7254902124404907,
                    "a": 1.0
                },
                {
                    "r": 0.239215686917305,
                    "g": 0.2666666805744171,
                    "b": 0.29411765933036804,
                    "a": 1.0
                },
                {
                    "r": 0.47843137383461,
                    "g": 0.4470588266849518,
                    "b": 0.3960784375667572,
                    "a": 1.0
                }
            ],
            "instanceId": 30015
        },
        {
            "crowdTypeID": 67,
            "animConfigID": 9,
            "spawnPosition": {
                "x": 2436.677978515625,
                "y": 354.31500244140625,
                "z": 2459.846923828125
            },
            "spawnFaceFwd": {
                "x": -0.8853676915168762,
                "z": -0.4648914337158203
            },
            "hairColor": {
                "r": 0.29019609093666077,
                "g": 0.3176470696926117,
                "b": 0.3529411852359772,
                "a": 1.0
            },
            "bodyColors": [
                {
                    "r": 0.9058823585510254,
                    "g": 0.7882353067398071,
                    "b": 0.7333333492279053,
                    "a": 1.0
                },
                {
                    "r": 0.2235294133424759,
                    "g": 0.2705882489681244,
                    "b": 0.3607843220233917,
                    "a": 1.0
                },
                {
                    "r": 0.5686274766921997,
                    "g": 0.572549045085907,
                    "b": 0.6117647290229797,
                    "a": 1.0
                },
                {
                    "r": 0.3137255012989044,
                    "g": 0.38823530077934265,
                    "b": 0.47843137383461,
                    "a": 1.0
                }
            ],
            "instanceId": 30016
        },
        {
            "crowdTypeID": 114,
            "animConfigID": 8,
            "spawnPosition": {
                "x": 2427.89697265625,
                "y": 351.54339599609375,
                "z": 2450.0380859375
            },
            "spawnFaceFwd": {
                "x": -0.9617373943328857,
                "z": -0.27397286891937256
            },
            "sitOnChair": true,
            "hairColor": {
                "r": 0.4274509847164154,
                "g": 0.37254902720451355,
                "b": 0.3019607961177826,
                "a": 1.0
            },
            "bodyColors": [
                {
                    "r": 0.9333333373069763,
                    "g": 0.8666666746139526,
                    "b": 0.843137264251709,
                    "a": 1.0
                },
                {
                    "r": 0.29411765933036804,
                    "g": 0.2666666805744171,
                    "b": 0.2078431397676468,
                    "a": 1.0
                },
                {
                    "r": 0.5647059082984924,
                    "g": 0.545098066329956,
                    "b": 0.38823530077934265,
                    "a": 1.0
                },
                {
                    "r": 0.29411765933036804,
                    "g": 0.2666666805744171,
                    "b": 0.2078431397676468,
                    "a": 1.0
                }
            ],
            "instanceId": 30017
        },
        {
            "crowdTypeID": 88,
            "animConfigID": 1,
            "spawnPosition": {
                "x": 2393.235107421875,
                "y": 351.5184020996094,
                "z": 2457.050048828125
            },
            "spawnFaceFwd": {
                "x": 0.2376326471567154,
                "z": 0.9713550806045532
            },
            "hairColor": {
                "r": 0.25882354378700256,
                "g": 0.25882354378700256,
                "b": 0.25882354378700256,
                "a": 1.0
            },
            "bodyColors": [
                {
                    "r": 0.9333333373069763,
                    "g": 0.8666666746139526,
                    "b": 0.843137264251709,
                    "a": 1.0
                },
                {
                    "r": 0.47843137383461,
                    "g": 0.4470588266849518,
                    "b": 0.3960784375667572,
                    "a": 1.0
                },
                {
                    "r": 0.239215686917305,
                    "g": 0.2666666805744171,
                    "b": 0.29411765933036804,
                    "a": 1.0
                },
                {
                    "r": 0.7568627595901489,
                    "g": 0.7568627595901489,
                    "b": 0.7254902124404907,
                    "a": 1.0
                }
            ],
            "instanceId": 30018
        },
        {
            "crowdTypeID": 396,
            "spawnPosition": {
                "x": 2424.8359375,
                "y": 361.4176940917969,
                "z": 2499.5380859375
            },
            "spawnFaceFwd": {
                "x": 0.9525384306907654,
                "z": 0.30441832542419434
            },
            "hairColor": {
                "r": 0.29019609093666077,
                "g": 0.3176470696926117,
                "b": 0.3529411852359772,
                "a": 1.0
            },
            "bodyColors": [
                {
                    "r": 1.0,
                    "g": 1.0,
                    "b": 1.0,
                    "a": 1.0
                },
                {
                    "r": 1.0,
                    "g": 1.0,
                    "b": 1.0,
                    "a": 1.0
                },
                {
                    "r": 1.0,
                    "g": 1.0,
                    "b": 1.0,
                    "a": 1.0
                },
                {
                    "r": 1.0,
                    "g": 1.0,
                    "b": 1.0,
                    "a": 1.0
                }
            ],
            "instanceId": 30019
        },
        {
            "crowdTypeID": 20,
            "spawnPosition": {
                "x": 2379.97998046875,
                "y": 353.4054870605469,
                "z": 2459.431884765625
            },
            "spawnFaceFwd": {
                "x": -0.9453172087669373,
                "z": -0.3261524438858032
            },
            "hairColor": {
                "r": 0.25882354378700256,
                "g": 0.25882354378700256,
                "b": 0.25882354378700256,
                "a": 1.0
            },
            "bodyColors": [
                {
                    "r": 1.0,
                    "g": 1.0,
                    "b": 1.0,
                    "a": 1.0
                },
                {
                    "r": 1.0,
                    "g": 1.0,
                    "b": 1.0,
                    "a": 1.0
                },
                {
                    "r": 1.0,
                    "g": 1.0,
                    "b": 1.0,
                    "a": 1.0
                },
                {
                    "r": 1.0,
                    "g": 1.0,
                    "b": 1.0,
                    "a": 1.0
                }
            ],
            "instanceId": 30025
        },
        {
            "crowdTypeID": 90,
            "spawnPosition": {
                "x": 2407.693115234375,
                "y": 342.3301086425781,
                "z": 2435.635009765625
            },
            "spawnFaceFwd": {
                "x": 0.938582181930542,
                "z": 0.3450557589530945
            },
            "hairColor": {
                "r": 0.8392156958580017,
                "g": 0.8392156958580017,
                "b": 0.8392156958580017,
                "a": 1.0
            },
            "bodyColors": [
                {
                    "r": 0.9058823585510254,
                    "g": 0.7882353067398071,
                    "b": 0.7333333492279053,
                    "a": 1.0
                },
                {
                    "r": 0.239215686917305,
                    "g": 0.2666666805744171,
                    "b": 0.29411765933036804,
                    "a": 1.0
                },
                {
                    "r": 0.47843137383461,
                    "g": 0.4470588266849518,
                    "b": 0.3960784375667572,
                    "a": 1.0
                },
                {
                    "r": 0.7568627595901489,
                    "g": 0.7568627595901489,
                    "b": 0.7254902124404907,
                    "a": 1.0
                }
            ],
            "instanceId": 30026
        },
        {
            "crowdTypeID": 80,
            "animConfigID": 12,
            "spawnPosition": {
                "x": 2414.235107421875,
                "y": 351.58099365234375,
                "z": 2457.568115234375
            },
            "spawnFaceFwd": {
                "x": 0.6563644409179688,
                "z": -0.754443883895874
            },
            "hairColor": {
                "r": 0.25882354378700256,
                "g": 0.25882354378700256,
                "b": 0.25882354378700256,
                "a": 1.0
            },
            "bodyColors": [
                {
                    "r": 0.9333333373069763,
                    "g": 0.8666666746139526,
                    "b": 0.843137264251709,
                    "a": 1.0
                },
                {
                    "r": 0.572549045085907,
                    "g": 0.5176470875740051,
                    "b": 0.5803921818733215,
                    "a": 1.0
                },
                {
                    "r": 0.23529411852359772,
                    "g": 0.2549019753932953,
                    "b": 0.30980393290519714,
                    "a": 1.0
                },
                {
                    "r": 0.8039215803146362,
                    "g": 0.7254902124404907,
                    "b": 0.6941176652908325,
                    "a": 1.0
                }
            ],
            "instanceId": 30027
        },
        {
            "crowdTypeID": 89,
            "animConfigID": 1,
            "spawnPosition": {
                "x": 2394.339111328125,
                "y": 351.5184020996094,
                "z": 2457.22900390625
            },
            "spawnFaceFwd": {
                "x": -0.5761228799819946,
                "z": 0.8173630833625793
            },
            "hairColor": {
                "r": 0.29019609093666077,
                "g": 0.3176470696926117,
                "b": 0.3529411852359772,
                "a": 1.0
            },
            "bodyColors": [
                {
                    "r": 0.9333333373069763,
                    "g": 0.8666666746139526,
                    "b": 0.843137264251709,
                    "a": 1.0
                },
                {
                    "r": 0.2235294133424759,
                    "g": 0.2705882489681244,
                    "b": 0.3607843220233917,
                    "a": 1.0
                },
                {
                    "r": 0.5686274766921997,
                    "g": 0.572549045085907,
                    "b": 0.6117647290229797,
                    "a": 1.0
                },
                {
                    "r": 0.3137255012989044,
                    "g": 0.38823530077934265,
                    "b": 0.47843137383461,
                    "a": 1.0
                }
            ],
            "instanceId": 30028
        },
        {
            "crowdTypeID": 78,
            "animConfigID": 9,
            "spawnPosition": {
                "x": 2376.031982421875,
                "y": 355.1617126464844,
                "z": 2427.424072265625
            },
            "spawnFaceFwd": {
                "x": -0.9644896388053894,
                "z": -0.26412057876586914
            },
            "sitOnChair": true,
            "hairColor": {
                "r": 0.25882354378700256,
                "g": 0.25882354378700256,
                "b": 0.25882354378700256,
                "a": 1.0
            },
            "bodyColors": [
                {
                    "r": 0.9333333373069763,
                    "g": 0.8666666746139526,
                    "b": 0.843137264251709,
                    "a": 1.0
                },
                {
                    "r": 0.3137255012989044,
                    "g": 0.38823530077934265,
                    "b": 0.47843137383461,
                    "a": 1.0
                },
                {
                    "r": 0.2235294133424759,
                    "g": 0.2705882489681244,
                    "b": 0.3607843220233917,
                    "a": 1.0
                },
                {
                    "r": 0.5686274766921997,
                    "g": 0.572549045085907,
                    "b": 0.6117647290229797,
                    "a": 1.0
                }
            ],
            "instanceId": 30029
        },
        {
            "crowdTypeID": 69,
            "animConfigID": 8,
            "spawnPosition": {
                "x": 2375.756103515625,
                "y": 355.1820068359375,
                "z": 2428.06591796875
            },
            "spawnFaceFwd": {
                "x": -0.8827081322669983,
                "z": -0.4699215888977051
            },
            "sitOnChair": true,
            "hairColor": {
                "r": 0.29019609093666077,
                "g": 0.3176470696926117,
                "b": 0.3529411852359772,
                "a": 1.0
            },
            "bodyColors": [
                {
                    "r": 0.9058823585510254,
                    "g": 0.7882353067398071,
                    "b": 0.7333333492279053,
                    "a": 1.0
                },
                {
                    "r": 0.47843137383461,
                    "g": 0.4470588266849518,
                    "b": 0.3960784375667572,
                    "a": 1.0
                },
                {
                    "r": 0.239215686917305,
                    "g": 0.2666666805744171,
                    "b": 0.29411765933036804,
                    "a": 1.0
                },
                {
                    "r": 0.7568627595901489,
                    "g": 0.7568627595901489,
                    "b": 0.7254902124404907,
                    "a": 1.0
                }
            ],
            "instanceId": 30030
        },
        {
            "crowdTypeID": 392,
            "spawnPosition": {
                "x": 2408.156005859375,
                "y": 362.6759948730469,
                "z": 2474.14208984375
            },
            "spawnFaceFwd": {
                "x": -0.8273778557777405,
                "z": -0.5616457462310791
            },
            "hairColor": {
                "r": 0.25882354378700256,
                "g": 0.25882354378700256,
                "b": 0.25882354378700256,
                "a": 1.0
            },
            "bodyColors": [
                {
                    "r": 1.0,
                    "g": 1.0,
                    "b": 1.0,
                    "a": 1.0
                },
                {
                    "r": 1.0,
                    "g": 1.0,
                    "b": 1.0,
                    "a": 1.0
                },
                {
                    "r": 1.0,
                    "g": 1.0,
                    "b": 1.0,
                    "a": 1.0
                },
                {
                    "r": 1.0,
                    "g": 1.0,
                    "b": 1.0,
                    "a": 1.0
                }
            ],
            "instanceId": 30031
        },
        {
            "crowdTypeID": 394,
            "spawnPosition": {
                "x": 2405.4609375,
                "y": 362.6759948730469,
                "z": 2472.868896484375
            },
            "spawnFaceFwd": {
                "x": 0.8058303594589233,
                "z": 0.5921463966369629
            },
            "hairColor": {
                "r": 0.29019609093666077,
                "g": 0.3176470696926117,
                "b": 0.3529411852359772,
                "a": 1.0
            },
            "bodyColors": [
                {
                    "r": 1.0,
                    "g": 1.0,
                    "b": 1.0,
                    "a": 1.0
                },
                {
                    "r": 1.0,
                    "g": 1.0,
                    "b": 1.0,
                    "a": 1.0
                },
                {
                    "r": 1.0,
                    "g": 1.0,
                    "b": 1.0,
                    "a": 1.0
                },
                {
                    "r": 1.0,
                    "g": 1.0,
                    "b": 1.0,
                    "a": 1.0
                }
            ],
            "instanceId": 30032
        }
    ]
}