{
  "crowdSpawnInfos": [
    {
      "crowdTypeID": 417,
      "animConfigID": 7,
      "spawnPosition": {
        "x": -2770.261962890625,
        "y": 199.63330078125,
        "z": 8979.1962890625
      },
      "spawnFaceFwd": {
        "x": -0.6905630826950073,
        "z": -0.7232723236083984
      },
      "hairColor": {
        "r": 0.4274509847164154,
        "g": 0.37254902720451355,
        "b": 0.3019607961177826,
        "a": 1.0
      },
      "bodyColors": [
        {
          "r": 0.9058823585510254,
          "g": 0.7882353067398071,
          "b": 0.7333333492279053,
          "a": 1.0
        },
        {
          "r": 0.21176470816135406,
          "g": 0.32549020648002625,
          "b": 0.3803921639919281,
          "a": 1.0
        },
        {
          "r": 0.2980392277240753,
          "g": 0.4901960790157318,
          "b": 0.5803921818733215,
          "a": 1.0
        },
        {
          "r": 0.6313725709915161,
          "g": 0.7686274647712708,
          "b": 0.7372549176216125,
          "a": 1.0
        }
      ],
      "instanceId": 50001
    },
    {
      "crowdTypeID": 441,
      "animConfigID": 3,
      "spawnPosition": {
        "x": -2769.5029296875,
        "y": 199.59719848632812,
        "z": 8978.431640625
      },
      "spawnFaceFwd": {
        "x": -0.9000758528709412,
        "y": -0.15977069735527039,
        "z": -0.4053845703601837
      },
      "hairColor": {
        "r": 0.5215686559677124,
        "g": 0.40392157435417175,
        "b": 0.2549019753932953,
        "a": 1.0
      },
      "bodyColors": [
        {
          "r": 0.7921568751335144,
          "g": 0.6549019813537598,
          "b": 0.5843137502670288,
          "a": 1.0
        },
        {
          "r": 0.27843138575553894,
          "g": 0.38823530077934265,
          "b": 0.501960813999176,
          "a": 1.0
        },
        {
          "r": 0.8941176533699036,
          "g": 0.8941176533699036,
          "b": 0.8941176533699036,
          "a": 1.0
        },
        {
          "r": 0.5215686559677124,
          "g": 0.6784313917160034,
          "b": 0.7882353067398071,
          "a": 1.0
        }
      ],
      "instanceId": 50002
    },
    {
      "crowdTypeID": 441,
      "spawnPosition": {
        "x": -2797.51708984375,
        "y": 199.7783966064453,
        "z": 8972.796875
      },
      "spawnFaceFwd": {
        "x": 0.9101853370666504,
        "y": -0.20573535561561584,
        "z": 0.35949352383613586
      },
      "hairColor": {
        "r": 0.25882354378700256,
        "g": 0.25882354378700256,
        "b": 0.25882354378700256,
        "a": 1.0
      },
      "bodyColors": [
        {
          "r": 0.7921568751335144,
          "g": 0.6549019813537598,
          "b": 0.5843137502670288,
          "a": 1.0
        },
        {
          "r": 0.27843138575553894,
          "g": 0.38823530077934265,
          "b": 0.501960813999176,
          "a": 1.0
        },
        {
          "r": 0.8941176533699036,
          "g": 0.8941176533699036,
          "b": 0.8941176533699036,
          "a": 1.0
        },
        {
          "r": 0.5215686559677124,
          "g": 0.6784313917160034,
          "b": 0.7882353067398071,
          "a": 1.0
        }
      ],
      "instanceId": 50005
    },
    {
      "crowdTypeID": 440,
      "animConfigID": 4,
      "spawnPosition": {
        "x": -2798.468994140625,
        "y": 199.98719787597656,
        "z": 8973.1982421875
      },
      "spawnFaceFwd": {
        "x": 0.9937660694122314,
        "y": -0.06990906596183777,
        "z": 0.08684408664703369
      },
      "hairColor": {
        "r": 0.25882354378700256,
        "g": 0.25882354378700256,
        "b": 0.25882354378700256,
        "a": 1.0
      },
      "bodyColors": [
        {
          "r": 0.9058823585510254,
          "g": 0.7882353067398071,
          "b": 0.7333333492279053,
          "a": 1.0
        },
        {
          "r": 0.8352941274642944,
          "g": 0.5529412031173706,
          "b": 0.38823530077934265,
          "a": 1.0
        },
        {
          "r": 0.3137255012989044,
          "g": 0.5215686559677124,
          "b": 0.7019608020782471,
          "a": 1.0
        },
        {
          "r": 0.25882354378700256,
          "g": 0.250980406999588,
          "b": 0.24313725531101227,
          "a": 1.0
        }
      ],
      "instanceId": 50006
    },
    {
      "crowdTypeID": 442,
      "animConfigID": 5,
      "spawnPosition": {
        "x": -2784.55810546875,
        "y": 199.90780639648438,
        "z": 8946.29296875
      },
      "spawnFaceFwd": {
        "x": 0.5517053604125977,
        "z": 0.8340390920639038
      },
      "hairColor": {
        "r": 0.5215686559677124,
        "g": 0.40392157435417175,
        "b": 0.2549019753932953,
        "a": 1.0
      },
      "bodyColors": [
        {
          "r": 0.7921568751335144,
          "g": 0.6549019813537598,
          "b": 0.5843137502670288,
          "a": 1.0
        },
        {
          "r": 0.3137255012989044,
          "g": 0.5215686559677124,
          "b": 0.7019608020782471,
          "a": 1.0
        },
        {
          "r": 0.8352941274642944,
          "g": 0.5529412031173706,
          "b": 0.38823530077934265,
          "a": 1.0
        },
        {
          "r": 0.25882354378700256,
          "g": 0.250980406999588,
          "b": 0.24313725531101227,
          "a": 1.0
        }
      ],
      "instanceId": 50007
    },
    {
      "crowdTypeID": 418,
      "animConfigID": 10,
      "spawnPosition": {
        "x": -2785.06396484375,
        "y": 199.87550354003906,
        "z": 8947.134765625
      },
      "spawnFaceFwd": {
        "x": 0.9961352348327637,
        "z": -0.08783328533172607
      },
      "hairColor": {
        "r": 0.5215686559677124,
        "g": 0.40392157435417175,
        "b": 0.2549019753932953,
        "a": 1.0
      },
      "bodyColors": [
        {
          "r": 0.9058823585510254,
          "g": 0.7882353067398071,
          "b": 0.7333333492279053,
          "a": 1.0
        },
        {
          "r": 0.6313725709915161,
          "g": 0.7686274647712708,
          "b": 0.7372549176216125,
          "a": 1.0
        },
        {
          "r": 0.2980392277240753,
          "g": 0.4901960790157318,
          "b": 0.5803921818733215,
          "a": 1.0
        },
        {
          "r": 0.21176470816135406,
          "g": 0.32549020648002625,
          "b": 0.3803921639919281,
          "a": 1.0
        }
      ],
      "instanceId": 50008
    },
    {
      "crowdTypeID": 490,
      "spawnPosition": {
        "x": -2783.777099609375,
        "y": 200.033203125,
        "z": 8946.8564453125
      },
      "spawnFaceFwd": {
        "x": -0.9980267882347107,
        "z": 0.06278914213180542
      },
      "hairColor": {
        "r": 0.5215686559677124,
        "g": 0.40392157435417175,
        "b": 0.2549019753932953,
        "a": 1.0
      },
      "bodyColors": [
        {
          "r": 0.7921568751335144,
          "g": 0.6549019813537598,
          "b": 0.5843137502670288,
          "a": 1.0
        },
        {
          "r": 0.8941176533699036,
          "g": 0.8941176533699036,
          "b": 0.8941176533699036,
          "a": 1.0
        },
        {
          "r": 0.5215686559677124,
          "g": 0.6784313917160034,
          "b": 0.7882353067398071,
          "a": 1.0
        },
        {
          "r": 0.27843138575553894,
          "g": 0.38823530077934265,
          "b": 0.501960813999176,
          "a": 1.0
        }
      ],
      "instanceId": 50009
    },
    {
      "crowdTypeID": 425,
      "animConfigID": 3,
      "spawnPosition": {
        "x": -2806.740966796875,
        "y": 200.0850067138672,
        "z": 8926.4130859375
      },
      "spawnFaceFwd": {
        "x": -0.929092526435852,
        "y": -0.11652876436710358,
        "z": -0.3510100543498993
      },
      "hairColor": {
        "r": 0.5215686559677124,
        "g": 0.40392157435417175,
        "b": 0.2549019753932953,
        "a": 1.0
      },
      "bodyColors": [
        {
          "r": 0.7921568751335144,
          "g": 0.6549019813537598,
          "b": 0.5843137502670288,
          "a": 1.0
        },
        {
          "r": 0.3137255012989044,
          "g": 0.5215686559677124,
          "b": 0.7019608020782471,
          "a": 1.0
        },
        {
          "r": 0.8352941274642944,
          "g": 0.5529412031173706,
          "b": 0.38823530077934265,
          "a": 1.0
        },
        {
          "r": 0.25882354378700256,
          "g": 0.250980406999588,
          "b": 0.24313725531101227,
          "a": 1.0
        }
      ],
      "instanceId": 50010
    },
    {
      "crowdTypeID": 423,
      "animConfigID": 4,
      "spawnPosition": {
        "x": -2806.964111328125,
        "y": 199.97720336914062,
        "z": 8927.376953125
      },
      "spawnFaceFwd": {
        "x": -0.9930357933044434,
        "y": -0.06300442665815353,
        "z": 0.09955063462257385
      },
      "hairColor": {
        "r": 0.29019609093666077,
        "g": 0.3176470696926117,
        "b": 0.3529411852359772,
        "a": 1.0
      },
      "bodyColors": [
        {
          "r": 0.9058823585510254,
          "g": 0.7882353067398071,
          "b": 0.7333333492279053,
          "a": 1.0
        },
        {
          "r": 0.25882354378700256,
          "g": 0.250980406999588,
          "b": 0.24313725531101227,
          "a": 1.0
        },
        {
          "r": 0.3137255012989044,
          "g": 0.5215686559677124,
          "b": 0.7019608020782471,
          "a": 1.0
        },
        {
          "r": 0.8352941274642944,
          "g": 0.5529412031173706,
          "b": 0.38823530077934265,
          "a": 1.0
        }
      ],
      "instanceId": 50011
    },
    {
      "crowdTypeID": 476,
      "animConfigID": 2,
      "spawnPosition": {
        "x": -2808.012939453125,
        "y": 199.84339904785156,
        "z": 8926.25390625
      },
      "spawnFaceFwd": {
        "x": 0.8140754699707031,
        "z": 0.5807590484619141
      },
      "hairColor": {
        "r": 0.5215686559677124,
        "g": 0.40392157435417175,
        "b": 0.2549019753932953,
        "a": 1.0
      },
      "bodyColors": [
        {
          "r": 0.7921568751335144,
          "g": 0.6549019813537598,
          "b": 0.5843137502670288,
          "a": 1.0
        },
        {
          "r": 0.5215686559677124,
          "g": 0.6784313917160034,
          "b": 0.7882353067398071,
          "a": 1.0
        },
        {
          "r": 0.8941176533699036,
          "g": 0.8941176533699036,
          "b": 0.8941176533699036,
          "a": 1.0
        },
        {
          "r": 0.27843138575553894,
          "g": 0.38823530077934265,
          "b": 0.501960813999176,
          "a": 1.0
        }
      ],
      "instanceId": 50012
    },
    {
      "crowdTypeID": 489,
      "spawnPosition": {
        "x": -2841.68994140625,
        "y": 200.10830688476562,
        "z": 8939.0087890625
      },
      "spawnFaceFwd": {
        "x": 0.6398297548294067,
        "z": 0.7685166597366333
      },
      "hairColor": {
        "r": 0.4274509847164154,
        "g": 0.37254902720451355,
        "b": 0.3019607961177826,
        "a": 1.0
      },
      "bodyColors": [
        {
          "r": 0.9058823585510254,
          "g": 0.7882353067398071,
          "b": 0.7333333492279053,
          "a": 1.0
        },
        {
          "r": 0.5215686559677124,
          "g": 0.6784313917160034,
          "b": 0.7882353067398071,
          "a": 1.0
        },
        {
          "r": 0.8941176533699036,
          "g": 0.8941176533699036,
          "b": 0.8941176533699036,
          "a": 1.0
        },
        {
          "r": 0.27843138575553894,
          "g": 0.38823530077934265,
          "b": 0.501960813999176,
          "a": 1.0
        }
      ],
      "instanceId": 50013
    },
    {
      "crowdTypeID": 452,
      "spawnPosition": {
        "x": -2840.764892578125,
        "y": 200.08819580078125,
        "z": 8938.9775390625
      },
      "spawnFaceFwd": {
        "x": -0.6669082641601562,
        "z": 0.7451398372650146
      },
      "hairColor": {
        "r": 0.25882354378700256,
        "g": 0.25882354378700256,
        "b": 0.25882354378700256,
        "a": 1.0
      },
      "bodyColors": [
        {
          "r": 0.9058823585510254,
          "g": 0.7882353067398071,
          "b": 0.7333333492279053,
          "a": 1.0
        },
        {
          "r": 0.9137254953384399,
          "g": 0.9607843160629272,
          "b": 0.9411764740943909,
          "a": 1.0
        },
        {
          "r": 0.3019607961177826,
          "g": 0.5254902243614197,
          "b": 0.5490196347236633,
          "a": 1.0
        },
        {
          "r": 0.22745098173618317,
          "g": 0.3333333432674408,
          "b": 0.38823530077934265,
          "a": 1.0
        }
      ],
      "instanceId": 50014
    },
    {
      "crowdTypeID": 424,
      "animConfigID": 1,
      "spawnPosition": {
        "x": -2758.590087890625,
        "y": 205.47230529785156,
        "z": 9031.5302734375
      },
      "spawnFaceFwd": {
        "x": 0.9417741298675537,
        "z": 0.33624619245529175
      },
      "hairColor": {
        "r": 0.5215686559677124,
        "g": 0.40392157435417175,
        "b": 0.2549019753932953,
        "a": 1.0
      },
      "bodyColors": [
        {
          "r": 0.7921568751335144,
          "g": 0.6549019813537598,
          "b": 0.5843137502670288,
          "a": 1.0
        },
        {
          "r": 0.25882354378700256,
          "g": 0.250980406999588,
          "b": 0.24313725531101227,
          "a": 1.0
        },
        {
          "r": 0.3137255012989044,
          "g": 0.5215686559677124,
          "b": 0.7019608020782471,
          "a": 1.0
        },
        {
          "r": 0.8352941274642944,
          "g": 0.5529412031173706,
          "b": 0.38823530077934265,
          "a": 1.0
        }
      ],
      "instanceId": 50015
    },
    {
      "crowdTypeID": 411,
      "animConfigID": 2,
      "spawnPosition": {
        "x": -2757.327880859375,
        "y": 205.49729919433594,
        "z": 9032.0458984375
      },
      "spawnFaceFwd": {
        "x": -0.9489051103591919,
        "z": -0.3155614137649536
      },
      "hairColor": {
        "r": 0.5215686559677124,
        "g": 0.40392157435417175,
        "b": 0.2549019753932953,
        "a": 1.0
      },
      "bodyColors": [
        {
          "r": 0.7921568751335144,
          "g": 0.6549019813537598,
          "b": 0.5843137502670288,
          "a": 1.0
        },
        {
          "r": 0.6901960968971252,
          "g": 0.7098039388656616,
          "b": 0.686274528503418,
          "a": 1.0
        },
        {
          "r": 0.47058823704719543,
          "g": 0.5960784554481506,
          "b": 0.40392157435417175,
          "a": 1.0
        },
        {
          "r": 0.2705882489681244,
          "g": 0.32549020648002625,
          "b": 0.33725491166114807,
          "a": 1.0
        }
      ],
      "instanceId": 50016
    },
    {
      "crowdTypeID": 417,
      "animConfigID": 4,
      "spawnPosition": {
        "x": -2770.8740234375,
        "y": 205.7740936279297,
        "z": 9022.4580078125
      },
      "spawnFaceFwd": {
        "x": 0.15248887240886688,
        "z": 0.9883052110671997
      },
      "hairColor": {
        "r": 0.3960784375667572,
        "g": 0.27843138575553894,
        "b": 0.1882352977991104,
        "a": 1.0
      },
      "bodyColors": [
        {
          "r": 0.7921568751335144,
          "g": 0.6549019813537598,
          "b": 0.5843137502670288,
          "a": 1.0
        },
        {
          "r": 0.8352941274642944,
          "g": 0.8705882430076599,
          "b": 0.8901960849761963,
          "a": 1.0
        },
        {
          "r": 0.37254902720451355,
          "g": 0.5843137502670288,
          "b": 0.6196078658103943,
          "a": 1.0
        },
        {
          "r": 0.1568627506494522,
          "g": 0.23137255012989044,
          "b": 0.2705882489681244,
          "a": 1.0
        }
      ],
      "instanceId": 50017
    },
    {
      "crowdTypeID": 418,
      "animConfigID": 13,
      "spawnPosition": {
        "x": -2770.802001953125,
        "y": 205.80050659179688,
        "z": 9023.603515625
      },
      "spawnFaceFwd": {
        "x": -0.01746288314461708,
        "z": -0.999847412109375
      },
      "hairColor": {
        "r": 0.32156863808631897,
        "g": 0.21568627655506134,
        "b": 0.18039216101169586,
        "a": 1.0
      },
      "bodyColors": [
        {
          "r": 0.9058823585510254,
          "g": 0.7882353067398071,
          "b": 0.7333333492279053,
          "a": 1.0
        },
        {
          "r": 0.7333333492279053,
          "g": 0.5882353186607361,
          "b": 0.3803921639919281,
          "a": 1.0
        },
        {
          "r": 0.47843137383461,
          "g": 0.32156863808631897,
          "b": 0.2078431397676468,
          "a": 1.0
        },
        {
          "r": 0.3450980484485626,
          "g": 0.2980392277240753,
          "b": 0.23529411852359772,
          "a": 1.0
        }
      ],
      "instanceId": 50018
    },
    {
      "crowdTypeID": 424,
      "animConfigID": 3,
      "spawnPosition": {
        "x": -2740.95703125,
        "y": 205.61520385742188,
        "z": 9035.4052734375
      },
      "spawnFaceFwd": {
        "x": -0.09076883643865585,
        "y": 0.00982966460287571,
        "z": -0.9958231449127197
      },
      "hairColor": {
        "r": 0.3960784375667572,
        "g": 0.27843138575553894,
        "b": 0.1882352977991104,
        "a": 1.0
      },
      "bodyColors": [
        {
          "r": 0.7921568751335144,
          "g": 0.6549019813537598,
          "b": 0.5843137502670288,
          "a": 1.0
        },
        {
          "r": 0.8941176533699036,
          "g": 0.8941176533699036,
          "b": 0.8941176533699036,
          "a": 1.0
        },
        {
          "r": 0.5215686559677124,
          "g": 0.6784313917160034,
          "b": 0.7882353067398071,
          "a": 1.0
        },
        {
          "r": 0.27843138575553894,
          "g": 0.38823530077934265,
          "b": 0.501960813999176,
          "a": 1.0
        }
      ],
      "instanceId": 50019
    },
    {
      "crowdTypeID": 423,
      "animConfigID": 3,
      "spawnPosition": {
        "x": -2718.905029296875,
        "y": 205.48739624023438,
        "z": 9009.0947265625
      },
      "spawnFaceFwd": {
        "x": -0.8392242789268494,
        "y": -0.046266376972198486,
        "z": 0.5418136119842529
      },
      "hairColor": {
        "r": 0.5215686559677124,
        "g": 0.40392157435417175,
        "b": 0.2549019753932953,
        "a": 1.0
      },
      "bodyColors": [
        {
          "r": 0.9058823585510254,
          "g": 0.7882353067398071,
          "b": 0.7333333492279053,
          "a": 1.0
        },
        {
          "r": 0.9137254953384399,
          "g": 0.9607843160629272,
          "b": 0.9411764740943909,
          "a": 1.0
        },
        {
          "r": 0.3019607961177826,
          "g": 0.5254902243614197,
          "b": 0.5490196347236633,
          "a": 1.0
        },
        {
          "r": 0.22745098173618317,
          "g": 0.3333333432674408,
          "b": 0.38823530077934265,
          "a": 1.0
        }
      ],
      "instanceId": 50020
    },
    {
      "crowdTypeID": 399,
      "animConfigID": 2,
      "spawnPosition": {
        "x": -2719.8330078125,
        "y": 205.38079833984375,
        "z": 9009.2861328125
      },
      "spawnFaceFwd": {
        "x": 0.9811751246452332,
        "z": 0.1931203007698059
      },
      "hairColor": {
        "r": 0.5215686559677124,
        "g": 0.40392157435417175,
        "b": 0.2549019753932953,
        "a": 1.0
      },
      "bodyColors": [
        {
          "r": 0.9058823585510254,
          "g": 0.7882353067398071,
          "b": 0.7333333492279053,
          "a": 1.0
        },
        {
          "r": 0.8352941274642944,
          "g": 0.8705882430076599,
          "b": 0.8901960849761963,
          "a": 1.0
        },
        {
          "r": 0.37254902720451355,
          "g": 0.5843137502670288,
          "b": 0.6196078658103943,
          "a": 1.0
        },
        {
          "r": 0.1568627506494522,
          "g": 0.23137255012989044,
          "b": 0.2705882489681244,
          "a": 1.0
        }
      ],
      "instanceId": 50021
    },
    {
      "crowdTypeID": 464,
      "animConfigID": 2,
      "spawnPosition": {
        "x": -2721.56298828125,
        "y": 208.0742950439453,
        "z": 9048.2822265625
      },
      "spawnFaceFwd": {
        "x": -0.45113611221313477,
        "z": -0.8924552202224731
      },
      "sitOnChair": true,
      "hairColor": {
        "r": 0.5215686559677124,
        "g": 0.40392157435417175,
        "b": 0.2549019753932953,
        "a": 1.0
      },
      "bodyColors": [
        {
          "r": 0.7921568751335144,
          "g": 0.6549019813537598,
          "b": 0.5843137502670288,
          "a": 1.0
        },
        {
          "r": 0.5215686559677124,
          "g": 0.6784313917160034,
          "b": 0.7882353067398071,
          "a": 1.0
        },
        {
          "r": 0.8941176533699036,
          "g": 0.8941176533699036,
          "b": 0.8941176533699036,
          "a": 1.0
        },
        {
          "r": 0.27843138575553894,
          "g": 0.38823530077934265,
          "b": 0.501960813999176,
          "a": 1.0
        }
      ],
      "instanceId": 50022
    },
    {
      "crowdTypeID": 418,
      "animConfigID": 3,
      "spawnPosition": {
        "x": -2721.888916015625,
        "y": 208.08859252929688,
        "z": 9047.3740234375
      },
      "spawnFaceFwd": {
        "x": 0.5820063352584839,
        "z": 0.8131842613220215
      },
      "hairColor": {
        "r": 0.32156863808631897,
        "g": 0.21568627655506134,
        "b": 0.18039216101169586,
        "a": 1.0
      },
      "bodyColors": [
        {
          "r": 0.7921568751335144,
          "g": 0.6549019813537598,
          "b": 0.5843137502670288,
          "a": 1.0
        },
        {
          "r": 0.7960784435272217,
          "g": 0.7490196228027344,
          "b": 0.6941176652908325,
          "a": 1.0
        },
        {
          "r": 0.5058823823928833,
          "g": 0.43921568989753723,
          "b": 0.5607843399047852,
          "a": 1.0
        },
        {
          "r": 0.30980393290519714,
          "g": 0.24705882370471954,
          "b": 0.34117648005485535,
          "a": 1.0
        }
      ],
      "instanceId": 50023
    },
    {
      "crowdTypeID": 415,
      "animConfigID": 4,
      "spawnPosition": {
        "x": -2727.9541015625,
        "y": 207.82020568847656,
        "z": 9067.1533203125
      },
      "spawnFaceFwd": {
        "x": 0.7576206922531128,
        "y": -0.00010756030678749084,
        "z": 0.6526950597763062
      },
      "hairColor": {
        "r": 0.5215686559677124,
        "g": 0.40392157435417175,
        "b": 0.2549019753932953,
        "a": 1.0
      },
      "bodyColors": [
        {
          "r": 0.7921568751335144,
          "g": 0.6549019813537598,
          "b": 0.5843137502670288,
          "a": 1.0
        },
        {
          "r": 0.8352941274642944,
          "g": 0.8705882430076599,
          "b": 0.8901960849761963,
          "a": 1.0
        },
        {
          "r": 0.37254902720451355,
          "g": 0.5843137502670288,
          "b": 0.6196078658103943,
          "a": 1.0
        },
        {
          "r": 0.1568627506494522,
          "g": 0.23137255012989044,
          "b": 0.2705882489681244,
          "a": 1.0
        }
      ],
      "instanceId": 50024
    },
    {
      "crowdTypeID": 427,
      "animConfigID": 1,
      "spawnPosition": {
        "x": -2727.760009765625,
        "y": 207.88400268554688,
        "z": 9068.2734375
      },
      "spawnFaceFwd": {
        "x": 0.6241887807846069,
        "y": -0.0702725201845169,
        "z": -0.778106689453125
      },
      "hairColor": {
        "r": 0.25882354378700256,
        "g": 0.25882354378700256,
        "b": 0.25882354378700256,
        "a": 1.0
      },
      "bodyColors": [
        {
          "r": 0.7921568751335144,
          "g": 0.6549019813537598,
          "b": 0.5843137502670288,
          "a": 1.0
        },
        {
          "r": 0.8352941274642944,
          "g": 0.5529412031173706,
          "b": 0.38823530077934265,
          "a": 1.0
        },
        {
          "r": 0.3137255012989044,
          "g": 0.5215686559677124,
          "b": 0.7019608020782471,
          "a": 1.0
        },
        {
          "r": 0.25882354378700256,
          "g": 0.250980406999588,
          "b": 0.24313725531101227,
          "a": 1.0
        }
      ],
      "instanceId": 50025
    },
    {
      "crowdTypeID": 489,
      "spawnPosition": {
        "x": -2640.29296875,
        "y": 207.7969970703125,
        "z": 9069.7978515625
      },
      "spawnFaceFwd": {
        "x": -0.903734028339386,
        "z": -0.42809462547302246
      },
      "hairColor": {
        "r": 0.3960784375667572,
        "g": 0.27843138575553894,
        "b": 0.1882352977991104,
        "a": 1.0
      },
      "bodyColors": [
        {
          "r": 0.9058823585510254,
          "g": 0.7882353067398071,
          "b": 0.7333333492279053,
          "a": 1.0
        },
        {
          "r": 0.3019607961177826,
          "g": 0.5254902243614197,
          "b": 0.5490196347236633,
          "a": 1.0
        },
        {
          "r": 0.9137254953384399,
          "g": 0.9607843160629272,
          "b": 0.9411764740943909,
          "a": 1.0
        },
        {
          "r": 0.22745098173618317,
          "g": 0.3333333432674408,
          "b": 0.38823530077934265,
          "a": 1.0
        }
      ],
      "instanceId": 50026
    },
    {
      "crowdTypeID": 466,
      "animConfigID": 2,
      "spawnPosition": {
        "x": -2684.0859375,
        "y": 208.2003936767578,
        "z": 9028.8427734375
      },
      "spawnFaceFwd": {
        "x": 0.9388330578804016,
        "z": -0.34437263011932373
      },
      "sitOnChair": true,
      "hairColor": {
        "r": 0.5215686559677124,
        "g": 0.40392157435417175,
        "b": 0.2549019753932953,
        "a": 1.0
      },
      "bodyColors": [
        {
          "r": 0.7921568751335144,
          "g": 0.6549019813537598,
          "b": 0.5843137502670288,
          "a": 1.0
        },
        {
          "r": 0.27843138575553894,
          "g": 0.38823530077934265,
          "b": 0.501960813999176,
          "a": 1.0
        },
        {
          "r": 0.8941176533699036,
          "g": 0.8941176533699036,
          "b": 0.8941176533699036,
          "a": 1.0
        },
        {
          "r": 0.5215686559677124,
          "g": 0.6784313917160034,
          "b": 0.7882353067398071,
          "a": 1.0
        }
      ],
      "instanceId": 50027
    },
    {
      "crowdTypeID": 427,
      "animConfigID": 2,
      "spawnPosition": {
        "x": -2682.907958984375,
        "y": 207.60609436035156,
        "z": 9028.6513671875
      },
      "spawnFaceFwd": {
        "x": -0.9949296712875366,
        "z": -0.10057342052459717
      },
      "hairColor": {
        "r": 0.3960784375667572,
        "g": 0.27843138575553894,
        "b": 0.1882352977991104,
        "a": 1.0
      },
      "bodyColors": [
        {
          "r": 0.7921568751335144,
          "g": 0.6549019813537598,
          "b": 0.5843137502670288,
          "a": 1.0
        },
        {
          "r": 0.9137254953384399,
          "g": 0.9607843160629272,
          "b": 0.9411764740943909,
          "a": 1.0
        },
        {
          "r": 0.3019607961177826,
          "g": 0.5254902243614197,
          "b": 0.5490196347236633,
          "a": 1.0
        },
        {
          "r": 0.22745098173618317,
          "g": 0.3333333432674408,
          "b": 0.38823530077934265,
          "a": 1.0
        }
      ],
      "instanceId": 50028
    },
    {
      "crowdTypeID": 425,
      "animConfigID": 3,
      "spawnPosition": {
        "x": -2819.068115234375,
        "y": 199.81460571289062,
        "z": 9016.7333984375
      },
      "spawnFaceFwd": {
        "x": 0.7519676685333252,
        "y": -0.05612185597419739,
        "z": -0.656806468963623
      },
      "hairColor": {
        "r": 0.5215686559677124,
        "g": 0.40392157435417175,
        "b": 0.2549019753932953,
        "a": 1.0
      },
      "bodyColors": [
        {
          "r": 0.7921568751335144,
          "g": 0.6549019813537598,
          "b": 0.5843137502670288,
          "a": 1.0
        },
        {
          "r": 0.5215686559677124,
          "g": 0.6784313917160034,
          "b": 0.7882353067398071,
          "a": 1.0
        },
        {
          "r": 0.8941176533699036,
          "g": 0.8941176533699036,
          "b": 0.8941176533699036,
          "a": 1.0
        },
        {
          "r": 0.27843138575553894,
          "g": 0.38823530077934265,
          "b": 0.501960813999176,
          "a": 1.0
        }
      ],
      "instanceId": 50029
    },
    {
      "crowdTypeID": 426,
      "animConfigID": 4,
      "spawnPosition": {
        "x": -2818.324951171875,
        "y": 199.8468017578125,
        "z": 9017.0693359375
      },
      "spawnFaceFwd": {
        "x": -0.1568707674741745,
        "y": -0.0855555385351181,
        "z": -0.9839063882827759
      },
      "hairColor": {
        "r": 0.3960784375667572,
        "g": 0.27843138575553894,
        "b": 0.1882352977991104,
        "a": 1.0
      },
      "bodyColors": [
        {
          "r": 0.9058823585510254,
          "g": 0.7882353067398071,
          "b": 0.7333333492279053,
          "a": 1.0
        },
        {
          "r": 0.3019607961177826,
          "g": 0.5254902243614197,
          "b": 0.5490196347236633,
          "a": 1.0
        },
        {
          "r": 0.9137254953384399,
          "g": 0.9607843160629272,
          "b": 0.9411764740943909,
          "a": 1.0
        },
        {
          "r": 0.22745098173618317,
          "g": 0.3333333432674408,
          "b": 0.38823530077934265,
          "a": 1.0
        }
      ],
      "instanceId": 50030
    },
    {
      "crowdTypeID": 490,
      "spawnPosition": {
        "x": -2865.385986328125,
        "y": 199.92820739746094,
        "z": 8995.0341796875
      },
      "spawnFaceFwd": {
        "x": 0.6056300401687622,
        "z": -0.7957463264465332
      },
      "hairColor": {
        "r": 0.25882354378700256,
        "g": 0.25882354378700256,
        "b": 0.25882354378700256,
        "a": 1.0
      },
      "bodyColors": [
        {
          "r": 0.9058823585510254,
          "g": 0.7882353067398071,
          "b": 0.7333333492279053,
          "a": 1.0
        },
        {
          "r": 0.8352941274642944,
          "g": 0.5529412031173706,
          "b": 0.38823530077934265,
          "a": 1.0
        },
        {
          "r": 0.3137255012989044,
          "g": 0.5215686559677124,
          "b": 0.7019608020782471,
          "a": 1.0
        },
        {
          "r": 0.25882354378700256,
          "g": 0.250980406999588,
          "b": 0.24313725531101227,
          "a": 1.0
        }
      ],
      "instanceId": 50031
    },
    {
      "crowdTypeID": 475,
      "animConfigID": 2,
      "spawnPosition": {
        "x": -2864.618896484375,
        "y": 199.84469604492188,
        "z": 8994.2080078125
      },
      "spawnFaceFwd": {
        "x": -0.7294872403144836,
        "z": 0.6839944124221802
      },
      "hairColor": {
        "r": 0.5215686559677124,
        "g": 0.40392157435417175,
        "b": 0.2549019753932953,
        "a": 1.0
      },
      "bodyColors": [
        {
          "r": 0.7921568751335144,
          "g": 0.6549019813537598,
          "b": 0.5843137502670288,
          "a": 1.0
        },
        {
          "r": 0.8941176533699036,
          "g": 0.8941176533699036,
          "b": 0.8941176533699036,
          "a": 1.0
        },
        {
          "r": 0.5215686559677124,
          "g": 0.6784313917160034,
          "b": 0.7882353067398071,
          "a": 1.0
        },
        {
          "r": 0.27843138575553894,
          "g": 0.38823530077934265,
          "b": 0.501960813999176,
          "a": 1.0
        }
      ],
      "instanceId": 50032
    },
    {
      "crowdTypeID": 424,
      "spawnPosition": {
        "x": -2884.22802734375,
        "y": 200.04440307617188,
        "z": 9030.4423828125
      },
      "spawnFaceFwd": {
        "x": 0.6366670727729797,
        "z": 0.7711387872695923
      },
      "hairColor": {
        "r": 0.5215686559677124,
        "g": 0.40392157435417175,
        "b": 0.2549019753932953,
        "a": 1.0
      },
      "bodyColors": [
        {
          "r": 0.9058823585510254,
          "g": 0.7882353067398071,
          "b": 0.7333333492279053,
          "a": 1.0
        },
        {
          "r": 0.8352941274642944,
          "g": 0.5529412031173706,
          "b": 0.38823530077934265,
          "a": 1.0
        },
        {
          "r": 0.3137255012989044,
          "g": 0.5215686559677124,
          "b": 0.7019608020782471,
          "a": 1.0
        },
        {
          "r": 0.25882354378700256,
          "g": 0.250980406999588,
          "b": 0.24313725531101227,
          "a": 1.0
        }
      ],
      "instanceId": 50033
    },
    {
      "crowdTypeID": 412,
      "animConfigID": 2,
      "spawnPosition": {
        "x": -2884.89306640625,
        "y": 200.18240356445312,
        "z": 9031.234375
      },
      "spawnFaceFwd": {
        "x": 0.8600909113883972,
        "z": 0.5101407766342163
      },
      "hairColor": {
        "r": 0.25882354378700256,
        "g": 0.25882354378700256,
        "b": 0.25882354378700256,
        "a": 1.0
      },
      "bodyColors": [
        {
          "r": 0.9058823585510254,
          "g": 0.7882353067398071,
          "b": 0.7333333492279053,
          "a": 1.0
        },
        {
          "r": 0.8352941274642944,
          "g": 0.8705882430076599,
          "b": 0.8901960849761963,
          "a": 1.0
        },
        {
          "r": 0.37254902720451355,
          "g": 0.5843137502670288,
          "b": 0.6196078658103943,
          "a": 1.0
        },
        {
          "r": 0.1568627506494522,
          "g": 0.23137255012989044,
          "b": 0.2705882489681244,
          "a": 1.0
        }
      ],
      "instanceId": 50034
    },
    {
      "crowdTypeID": 423,
      "spawnPosition": {
        "x": -2891.452880859375,
        "y": 200.28460693359375,
        "z": 9052.38671875
      },
      "spawnFaceFwd": {
        "x": 0.9669729471206665,
        "z": -0.2548786401748657
      },
      "hairColor": {
        "r": 0.25882354378700256,
        "g": 0.25882354378700256,
        "b": 0.25882354378700256,
        "a": 1.0
      },
      "bodyColors": [
        {
          "r": 0.9058823585510254,
          "g": 0.7882353067398071,
          "b": 0.7333333492279053,
          "a": 1.0
        },
        {
          "r": 0.27843138575553894,
          "g": 0.38823530077934265,
          "b": 0.501960813999176,
          "a": 1.0
        },
        {
          "r": 0.8941176533699036,
          "g": 0.8941176533699036,
          "b": 0.8941176533699036,
          "a": 1.0
        },
        {
          "r": 0.5215686559677124,
          "g": 0.6784313917160034,
          "b": 0.7882353067398071,
          "a": 1.0
        }
      ],
      "instanceId": 50035
    },
    {
      "crowdTypeID": 427,
      "animConfigID": 2,
      "spawnPosition": {
        "x": -2890.575927734375,
        "y": 200.06629943847656,
        "z": 9054.798828125
      },
      "spawnFaceFwd": {
        "x": 0.9956911206245422,
        "z": -0.09273135662078857
      },
      "hairColor": {
        "r": 0.25882354378700256,
        "g": 0.25882354378700256,
        "b": 0.25882354378700256,
        "a": 1.0
      },
      "bodyColors": [
        {
          "r": 0.9058823585510254,
          "g": 0.7882353067398071,
          "b": 0.7333333492279053,
          "a": 1.0
        },
        {
          "r": 0.8941176533699036,
          "g": 0.8941176533699036,
          "b": 0.8941176533699036,
          "a": 1.0
        },
        {
          "r": 0.5215686559677124,
          "g": 0.6784313917160034,
          "b": 0.7882353067398071,
          "a": 1.0
        },
        {
          "r": 0.27843138575553894,
          "g": 0.38823530077934265,
          "b": 0.501960813999176,
          "a": 1.0
        }
      ],
      "instanceId": 50036
    },
    {
      "crowdTypeID": 425,
      "animConfigID": 4,
      "spawnPosition": {
        "x": -2890.783935546875,
        "y": 200.0095977783203,
        "z": 9056.2626953125
      },
      "spawnFaceFwd": {
        "x": 0.49700090289115906,
        "y": -0.10611754655838013,
        "z": -0.8612372279167175
      },
      "hairColor": {
        "r": 0.3960784375667572,
        "g": 0.27843138575553894,
        "b": 0.1882352977991104,
        "a": 1.0
      },
      "bodyColors": [
        {
          "r": 0.7921568751335144,
          "g": 0.6549019813537598,
          "b": 0.5843137502670288,
          "a": 1.0
        },
        {
          "r": 0.8352941274642944,
          "g": 0.5529412031173706,
          "b": 0.38823530077934265,
          "a": 1.0
        },
        {
          "r": 0.3137255012989044,
          "g": 0.5215686559677124,
          "b": 0.7019608020782471,
          "a": 1.0
        },
        {
          "r": 0.25882354378700256,
          "g": 0.250980406999588,
          "b": 0.24313725531101227,
          "a": 1.0
        }
      ],
      "instanceId": 50037
    },
    {
      "crowdTypeID": 428,
      "spawnPosition": {
        "x": -2886.44189453125,
        "y": 199.5305938720703,
        "z": 9050.287109375
      },
      "spawnFaceFwd": {
        "x": 0.9847063422203064,
        "z": 0.17422270774841309
      },
      "hairColor": {
        "r": 0.5215686559677124,
        "g": 0.40392157435417175,
        "b": 0.2549019753932953,
        "a": 1.0
      },
      "bodyColors": [
        {
          "r": 0.7921568751335144,
          "g": 0.6549019813537598,
          "b": 0.5843137502670288,
          "a": 1.0
        },
        {
          "r": 0.22745098173618317,
          "g": 0.3333333432674408,
          "b": 0.38823530077934265,
          "a": 1.0
        },
        {
          "r": 0.9137254953384399,
          "g": 0.9607843160629272,
          "b": 0.9411764740943909,
          "a": 1.0
        },
        {
          "r": 0.3019607961177826,
          "g": 0.5254902243614197,
          "b": 0.5490196347236633,
          "a": 1.0
        }
      ],
      "instanceId": 50038
    },
    {
      "crowdTypeID": 423,
      "animConfigID": 1,
      "spawnPosition": {
        "x": -2872.041015625,
        "y": 200.3520965576172,
        "z": 9058.3603515625
      },
      "spawnFaceFwd": {
        "x": 0.06840357929468155,
        "z": -0.9976577758789062
      },
      "hairColor": {
        "r": 0.3960784375667572,
        "g": 0.27843138575553894,
        "b": 0.1882352977991104,
        "a": 1.0
      },
      "bodyColors": [
        {
          "r": 0.9058823585510254,
          "g": 0.7882353067398071,
          "b": 0.7333333492279053,
          "a": 1.0
        },
        {
          "r": 0.27843138575553894,
          "g": 0.38823530077934265,
          "b": 0.501960813999176,
          "a": 1.0
        },
        {
          "r": 0.8941176533699036,
          "g": 0.8941176533699036,
          "b": 0.8941176533699036,
          "a": 1.0
        },
        {
          "r": 0.5215686559677124,
          "g": 0.6784313917160034,
          "b": 0.7882353067398071,
