{
    "crowdSpawnInfos": [
        {
            "crowdTypeID": 366,
            "animConfigID": 2,
            "spawnPosition": {
                "x": 3497.968994140625,
                "y": 426.62359619140625,
                "z": 4491.6201171875
            },
            "spawnFaceFwd": {
                "x": -0.19118595123291016,
                "z": 0.981553852558136
            },
            "hairColor": {
                "r": 0.5215686559677124,
                "g": 0.40392157435417175,
                "b": 0.2549019753932953,
                "a": 1.0
            },
            "bodyColors": [
                {
                    "r": 1.0,
                    "g": 0.9137254953384399,
                    "b": 0.8627451062202454,
                    "a": 1.0
                },
                {
                    "r": 0.34117648005485535,
                    "g": 0.4431372582912445,
                    "b": 0.5686274766921997,
                    "a": 1.0
                },
                {
                    "r": 0.9019607901573181,
                    "g": 0.8549019694328308,
                    "b": 0.8274509906768799,
                    "a": 1.0
                },
                {
                    "r": 0.4901960790157318,
                    "g": 0.6000000238418579,
                    "b": 0.6000000238418579,
                    "a": 1.0
                }
            ],
            "instanceId": 200001
        },
        {
            "crowdTypeID": 350,
            "animConfigID": 3,
            "spawnPosition": {
                "x": 3498.777099609375,
                "y": 426.62359619140625,
                "z": 4492.43017578125
            },
            "spawnFaceFwd": {
                "x": -0.7189372777938843,
                "z": 0.6950749754905701
            },
            "hairColor": {
                "r": 0.5215686559677124,
                "g": 0.40392157435417175,
                "b": 0.2549019753932953,
                "a": 1.0
            },
            "bodyColors": [
                {
                    "r": 1.0,
                    "g": 0.9137254953384399,
                    "b": 0.8627451062202454,
                    "a": 1.0
                },
                {
                    "r": 0.34117648005485535,
                    "g": 0.4431372582912445,
                    "b": 0.5686274766921997,
                    "a": 1.0
                },
                {
                    "r": 0.4901960790157318,
                    "g": 0.6000000238418579,
                    "b": 0.6000000238418579,
                    "a": 1.0
                },
                {
                    "r": 0.9019607901573181,
                    "g": 0.8549019694328308,
                    "b": 0.8274509906768799,
                    "a": 1.0
                }
            ],
            "instanceId": 200002
        }
    ]
}