{
  "crowdSpawnInfos": [
    {
      "crowdTypeID": 112,
      "animConfigID": 12,
      "spawnPosition": {
        "x": 2223.68310546875,
        "y": 209.99000549316406,
        "z": -918.8311767578125
      },
      "spawnFaceFwd": {
        "x": -0.36976921558380127,
        "z": 0.9291236400604248
      },
      "hairColor": {
        "r": 0.5215686559677124,
        "g": 0.40392157435417175,
        "b": 0.2549019753932953,
        "a": 1.0
      },
      "bodyColors": [
        {
          "r": 0.9333333373069763,
          "g": 0.8666666746139526,
          "b": 0.843137264251709,
          "a": 1.0
        },
        {
          "r": 0.772549033164978,
          "g": 0.7607843279838562,
          "b": 0.7450980544090271,
          "a": 1.0
        },
        {
          "r": 0.5882353186607361,
          "g": 0.4156862795352936,
          "b": 0.4156862795352936,
          "a": 1.0
        },
        {
          "r": 0.2862745225429535,
          "g": 0.21568627655506134,
          "b": 0.21568627655506134,
          "a": 1.0
        }
      ],
      "instanceId": 50001
    },
    {
      "crowdTypeID": 109,
      "spawnPosition": {
        "x": 2222.64697265625,
        "y": 209.99000549316406,
        "z": -918.1513061523438
      },
      "spawnFaceFwd": {
        "x": 0.8616442680358887,
        "z": -0.5075126886367798
      },
      "hairColor": {
        "r": 0.32156863808631897,
        "g": 0.21568627655506134,
        "b": 0.18039216101169586,
        "a": 1.0
      },
      "bodyColors": [
        {
          "r": 0.9333333373069763,
          "g": 0.8666666746139526,
          "b": 0.843137264251709,
          "a": 1.0
        },
        {
          "r": 0.42352941632270813,
          "g": 0.4627451002597809,
          "b": 0.5647059082984924,
          "a": 1.0
        },
        {
          "r": 0.6745098233222961,
          "g": 0.6666666865348816,
          "b": 0.6549019813537598,
          "a": 1.0
        },
        {
          "r": 0.2980392277240753,
          "g": 0.27843138575553894,
          "b": 0.3176470696926117,
          "a": 1.0
        }
      ],
      "instanceId": 50002
    },
    {
      "crowdTypeID": 117,
      "animConfigID": 2,
      "spawnPosition": {
        "x": 2214.009033203125,
        "y": 209.99000549316406,
        "z": -923.4937133789062
      },
      "spawnFaceFwd": {
        "x": 0.432637482881546,
        "y": 5.905696411900863e-07,
        "z": 0.9015679359436035
      },
      "hairColor": {
        "r": 0.4274509847164154,
        "g": 0.37254902720451355,
        "b": 0.3019607961177826,
        "a": 1.0
      },
      "bodyColors": [
        {
          "r": 0.9333333373069763,
          "g": 0.8666666746139526,
          "b": 0.843137264251709,
          "a": 1.0
        },
        {
          "r": 0.5647059082984924,
          "g": 0.545098066329956,
          "b": 0.38823530077934265,
          "a": 1.0
        },
        {
          "r": 0.7568627595901489,
          "g": 0.7568627595901489,
          "b": 0.7568627595901489,
          "a": 1.0
        },
        {
          "r": 0.29411765933036804,
          "g": 0.2666666805744171,
          "b": 0.2078431397676468,
          "a": 1.0
        }
      ],
      "instanceId": 50003
    },
    {
      "crowdTypeID": 363,
      "animConfigID": 1,
      "spawnPosition": {
        "x": 2214.864990234375,
        "y": 209.99000549316406,
        "z": -921.9080810546875
      },
      "spawnFaceFwd": {
        "x": -0.5172264575958252,
        "y": -2.8844527832916356e-07,
        "z": -0.8558485507965088
      },
      "hairColor": {
        "r": 0.5,
        "g": 0.5,
        "b": 0.5,
        "a": 1.0
      },
      "bodyColors": [
        {
          "r": 1.0,
          "g": 1.0,
          "b": 1.0,
          "a": 1.0
        },
        {
          "r": 1.0,
          "g": 1.0,
          "b": 1.0,
          "a": 1.0
        },
        {
          "r": 1.0,
          "g": 1.0,
          "b": 1.0,
          "a": 1.0
        },
        {
          "r": 1.0,
          "g": 1.0,
          "b": 1.0,
          "a": 1.0
        }
      ],
      "instanceId": 50004
    },
    {
      "crowdTypeID": 101,
      "animConfigID": 7,
      "spawnPosition": {
        "x": 2231.326904296875,
        "y": 212.1282958984375,
        "z": -913.5678100585938
      },
      "spawnFaceFwd": {
        "x": -0.6577369570732117,
        "z": 0.7532476782798767
      },
      "hairColor": {
        "r": 0.5215686559677124,
        "g": 0.40392157435417175,
        "b": 0.2549019753932953,
        "a": 1.0
      },
      "bodyColors": [
        {
          "r": 0.9333333373069763,
          "g": 0.8666666746139526,
          "b": 0.843137264251709,
          "a": 1.0
        },
        {
          "r": 0.6745098233222961,
          "g": 0.6666666865348816,
          "b": 0.6549019813537598,
          "a": 1.0
        },
        {
          "r": 0.2980392277240753,
          "g": 0.27843138575553894,
          "b": 0.3176470696926117,
          "a": 1.0
        },
        {
          "r": 0.42352941632270813,
          "g": 0.4627451002597809,
          "b": 0.5647059082984924,
          "a": 1.0
        }
      ],
      "instanceId": 50005
    },
    {
      "crowdTypeID": 331,
      "animConfigID": 2,
      "spawnPosition": {
        "x": 2237.510986328125,
        "y": 214.08999633789062,
        "z": -904.8270263671875
      },
      "spawnFaceFwd": {
        "x": -0.7993565201759338,
        "z": -0.6008569002151489
      },
      "sitOnChair": true,
      "hairColor": {
        "r": 0.32156863808631897,
        "g": 0.21568627655506134,
        "b": 0.18039216101169586,
        "a": 1.0
      },
      "bodyColors": [
        {
          "r": 1.0,
          "g": 0.9137254953384399,
          "b": 0.8627451062202454,
          "a": 1.0
        },
        {
          "r": 0.9019607901573181,
          "g": 0.8549019694328308,
          "b": 0.8274509906768799,
          "a": 1.0
        },
        {
          "r": 0.4901960790157318,
          "g": 0.6000000238418579,
          "b": 0.6000000238418579,
          "a": 1.0
        },
        {
          "r": 0.34117648005485535,
          "g": 0.4431372582912445,
          "b": 0.5686274766921997,
          "a": 1.0
        }
      ],
      "instanceId": 50006
    },
    {
      "crowdTypeID": 345,
      "animConfigID": 3,
      "spawnPosition": {
        "x": 2238.577880859375,
        "y": 216.08999633789062,
        "z": -893.6406860351562
      },
      "spawnFaceFwd": {
        "x": -0.5561404824256897,
        "z": -0.8310881853103638
      },
      "sitOnChair": true,
      "hairColor": {
        "r": 0.25882354378700256,
        "g": 0.25882354378700256,
        "b": 0.25882354378700256,
        "a": 1.0
      },
      "bodyColors": [
        {
          "r": 0.9843137264251709,
          "g": 0.8941176533699036,
          "b": 0.8549019694328308,
          "a": 1.0
        },
        {
          "r": 0.3176470696926117,
          "g": 0.23529411852359772,
          "b": 0.3176470696926117,
          "a": 1.0
        },
        {
          "r": 0.8549019694328308,
          "g": 0.800000011920929,
          "b": 0.7686274647712708,
          "a": 1.0
        },
        {
          "r": 0.6000000238418579,
          "g": 0.5686274766921997,
          "b": 0.658823549747467,
          "a": 1.0
        }
      ],
      "instanceId": 50007
    },
    {
      "crowdTypeID": 106,
      "animConfigID": 7,
      "spawnPosition": {
        "x": 2238.302978515625,
        "y": 216.08999633789062,
        "z": -888.4083862304688
      },
      "spawnFaceFwd": {
        "x": -0.8588284850120544,
        "z": 0.5122632384300232
      },
      "hairColor": {
        "r": 0.3960784375667572,
        "g": 0.27843138575553894,
        "b": 0.1882352977991104,
        "a": 1.0
      },
      "bodyColors": [
        {
          "r": 0.9333333373069763,
          "g": 0.8666666746139526,
          "b": 0.843137264251709,
          "a": 1.0
        },
        {
          "r": 0.5882353186607361,
          "g": 0.4156862795352936,
          "b": 0.4156862795352936,
          "a": 1.0
        },
        {
          "r": 0.772549033164978,
          "g": 0.7607843279838562,
          "b": 0.7450980544090271,
          "a": 1.0
        },
        {
          "r": 0.2862745225429535,
          "g": 0.21568627655506134,
          "b": 0.21568627655506134,
          "a": 1.0
        }
      ],
      "instanceId": 50008
    },
    {
      "crowdTypeID": 107,
      "animConfigID": 12,
      "spawnPosition": {
        "x": 2265.742919921875,
        "y": 216.08999633789062,
        "z": -896.7593994140625
      },
      "spawnFaceFwd": {
        "x": -0.8588284850120544,
        "z": 0.5122632384300232
      },
      "hairColor": {
        "r": 0.5215686559677124,
        "g": 0.40392157435417175,
        "b": 0.2549019753932953,
        "a": 1.0
      },
      "bodyColors": [
        {
          "r": 0.9333333373069763,
          "g": 0.8666666746139526,
          "b": 0.843137264251709,
          "a": 1.0
        },
        {
          "r": 0.772549033164978,
          "g": 0.7607843279838562,
          "b": 0.7450980544090271,
          "a": 1.0
        },
        {
          "r": 0.5882353186607361,
          "g": 0.4156862795352936,
          "b": 0.4156862795352936,
          "a": 1.0
        },
        {
          "r": 0.2862745225429535,
          "g": 0.21568627655506134,
          "b": 0.21568627655506134,
          "a": 1.0
        }
      ],
      "instanceId": 50009
    },
    {
      "crowdTypeID": 112,
      "animConfigID": 4,
      "spawnPosition": {
        "x": 2269.623046875,
        "y": 216.08999633789062,
        "z": -889.9403076171875
      },
      "spawnFaceFwd": {
        "x": 0.9696202278137207,
        "z": -0.2446153163909912
      },
      "hairColor": {
        "r": 0.4274509847164154,
        "g": 0.37254902720451355,
        "b": 0.3019607961177826,
        "a": 1.0
      },
      "bodyColors": [
        {
          "r": 0.9333333373069763,
          "g": 0.8666666746139526,
          "b": 0.843137264251709,
          "a": 1.0
        },
        {
          "r": 0.29411765933036804,
          "g": 0.2666666805744171,
          "b": 0.2078431397676468,
          "a": 1.0
        },
        {
          "r": 0.5647059082984924,
          "g": 0.545098066329956,
          "b": 0.38823530077934265,
          "a": 1.0
        },
        {
          "r": 0.29411765933036804,
          "g": 0.2666666805744171,
          "b": 0.2078431397676468,
          "a": 1.0
        }
      ],
      "instanceId": 50010
    }
  ]
}