{
  "crowdSpawnInfos": [
    {
      "crowdTypeID": 408,
      "animConfigID": 2,
      "spawnPosition": {
        "x": -1394.8470458984375,
        "y": 145.7178955078125,
        "z": 7575.02685546875
      },
      "spawnFaceFwd": {
        "x": 0.44481122493743896,
        "z": 0.8956243395805359
      },
      "hairColor": {
        "r": 0.4274509847164154,
        "g": 0.37254902720451355,
        "b": 0.3019607961177826,
        "a": 1.0
      },
      "bodyColors": [
        {
          "r": 0.7921568751335144,
          "g": 0.6549019813537598,
          "b": 0.5843137502670288,
          "a": 1.0
        },
        {
          "r": 0.8627451062202454,
          "g": 0.8509804010391235,
          "b": 0.8156862854957581,
          "a": 1.0
        },
        {
          "r": 0.7764706015586853,
          "g": 0.6274510025978088,
          "b": 0.4313725531101227,
          "a": 1.0
        },
        {
          "r": 0.4901960790157318,
          "g": 0.3607843220233917,
          "b": 0.27450981736183167,
          "a": 1.0
        }
      ],
      "instanceId": 50001
    },
    {
      "crowdTypeID": 425,
      "animConfigID": 1,
      "spawnPosition": {
        "x": -1392.0770263671875,
        "y": 145.718994140625,
        "z": 7574.9921875
      },
      "spawnFaceFwd": {
        "x": -0.7824451923370361,
        "z": 0.6227195262908936
      },
      "hairColor": {
        "r": 0.3960784375667572,
        "g": 0.27843138575553894,
        "b": 0.1882352977991104,
        "a": 1.0
      },
      "bodyColors": [
        {
          "r": 0.7921568751335144,
          "g": 0.6549019813537598,
          "b": 0.5843137502670288,
          "a": 1.0
        },
        {
          "r": 0.3137255012989044,
          "g": 0.5215686559677124,
          "b": 0.7019608020782471,
          "a": 1.0
        },
        {
          "r": 0.8352941274642944,
          "g": 0.5529412031173706,
          "b": 0.38823530077934265,
          "a": 1.0
        },
        {
          "r": 0.25882354378700256,
          "g": 0.250980406999588,
          "b": 0.24313725531101227,
          "a": 1.0
        }
      ],
      "instanceId": 50002
    },
    {
      "crowdTypeID": 401,
      "animConfigID": 1,
      "spawnPosition": {
        "x": -1394.4520263671875,
        "y": 145.7187957763672,
        "z": 7581.89794921875
      },
      "spawnFaceFwd": {
        "x": 0.6814187169075012,
        "z": -0.73189377784729
      },
      "hairColor": {
        "r": 0.3960784375667572,
        "g": 0.27843138575553894,
        "b": 0.1882352977991104,
        "a": 1.0
      },
      "bodyColors": [
        {
          "r": 0.9058823585510254,
          "g": 0.7882353067398071,
          "b": 0.7333333492279053,
          "a": 1.0
        },
        {
          "r": 0.3450980484485626,
          "g": 0.2980392277240753,
          "b": 0.23529411852359772,
          "a": 1.0
        },
        {
          "r": 0.47843137383461,
          "g": 0.32156863808631897,
          "b": 0.2078431397676468,
          "a": 1.0
        },
        {
          "r": 0.7333333492279053,
          "g": 0.5882353186607361,
          "b": 0.3803921639919281,
          "a": 1.0
        }
      ],
      "instanceId": 50003
    },
    {
      "crowdTypeID": 437,
      "animConfigID": 2,
      "spawnPosition": {
        "x": -1391.625,
        "y": 145.71890258789062,
        "z": 7581.408203125
      },
      "spawnFaceFwd": {
        "x": -0.6262757778167725,
        "z": -0.7796014547348022
      },
      "hairColor": {
        "r": 0.5215686559677124,
        "g": 0.40392157435417175,
        "b": 0.2549019753932953,
        "a": 1.0
      },
      "bodyColors": [
        {
          "r": 0.7921568751335144,
          "g": 0.6549019813537598,
          "b": 0.5843137502670288,
          "a": 1.0
        },
        {
          "r": 0.8627451062202454,
          "g": 0.8509804010391235,
          "b": 0.8156862854957581,
          "a": 1.0
        },
        {
          "r": 0.7764706015586853,
          "g": 0.6274510025978088,
          "b": 0.4313725531101227,
          "a": 1.0
        },
        {
          "r": 0.4901960790157318,
          "g": 0.3607843220233917,
          "b": 0.27450981736183167,
          "a": 1.0
        }
      ],
      "instanceId": 50004
    },
    {
      "crowdTypeID": 416,
      "animConfigID": 5,
      "spawnPosition": {
        "x": -1396.862060546875,
        "y": 145.71690368652344,
        "z": 7585.80078125
      },
      "spawnFaceFwd": {
        "x": 0.8411371111869812,
        "z": -0.5408217906951904
      },
      "hairColor": {
        "r": 0.4274509847164154,
        "g": 0.37254902720451355,
        "b": 0.3019607961177826,
        "a": 1.0
      },
      "bodyColors": [
        {
          "r": 0.7921568751335144,
          "g": 0.6549019813537598,
          "b": 0.5843137502670288,
          "a": 1.0
        },
        {
          "r": 0.3450980484485626,
          "g": 0.2980392277240753,
          "b": 0.23529411852359772,
          "a": 1.0
        },
        {
          "r": 0.47843137383461,
          "g": 0.32156863808631897,
          "b": 0.2078431397676468,
          "a": 1.0
        },
        {
          "r": 0.7333333492279053,
          "g": 0.5882353186607361,
          "b": 0.3803921639919281,
          "a": 1.0
        }
      ],
      "instanceId": 50005
    },
    {
      "crowdTypeID": 409,
      "animConfigID": 2,
      "spawnPosition": {
        "x": -1390.7080078125,
        "y": 145.71929931640625,
        "z": 7578.2919921875
      },
      "spawnFaceFwd": {
        "x": -0.9230734705924988,
        "z": 0.3846237063407898
      },
      "hairColor": {
        "r": 0.5215686559677124,
        "g": 0.40392157435417175,
        "b": 0.2549019753932953,
        "a": 1.0
      },
      "bodyColors": [
        {
          "r": 0.9333333373069763,
          "g": 0.8666666746139526,
          "b": 0.843137264251709,
          "a": 1.0
        },
        {
          "r": 0.7333333492279053,
          "g": 0.5882353186607361,
          "b": 0.3803921639919281,
          "a": 1.0
        },
        {
          "r": 0.47843137383461,
          "g": 0.32156863808631897,
          "b": 0.2078431397676468,
          "a": 1.0
        },
        {
          "r": 0.3450980484485626,
          "g": 0.2980392277240753,
          "b": 0.23529411852359772,
          "a": 1.0
        }
      ],
      "instanceId": 50006
    },
    {
      "crowdTypeID": 402,
      "spawnPosition": {
        "x": -1384.427978515625,
        "y": 144.33200073242188,
        "z": 7575.9169921875
      },
      "spawnFaceFwd": {
        "x": -0.954038679599762,
        "z": 0.29968345165252686
      },
      "hairColor": {
        "r": 0.4274509847164154,
        "g": 0.37254902720451355,
        "b": 0.3019607961177826,
        "a": 1.0
      },
      "bodyColors": [
        {
          "r": 0.9333333373069763,
          "g": 0.8666666746139526,
          "b": 0.843137264251709,
          "a": 1.0
        },
        {
          "r": 0.7333333492279053,
          "g": 0.5882353186607361,
          "b": 0.3803921639919281,
          "a": 1.0
        },
        {
          "r": 0.47843137383461,
          "g": 0.32156863808631897,
          "b": 0.2078431397676468,
          "a": 1.0
        },
        {
          "r": 0.3450980484485626,
          "g": 0.2980392277240753,
          "b": 0.23529411852359772,
          "a": 1.0
        }
      ],
      "instanceId": 50007
    },
    {
      "crowdTypeID": 400,
      "spawnPosition": {
        "x": -1385.43505859375,
        "y": 144.34620666503906,
        "z": 7578.92822265625
      },
      "spawnFaceFwd": {
        "x": -0.9736072421073914,
        "z": 0.22823011875152588
      },
      "hairColor": {
        "r": 0.3960784375667572,
        "g": 0.27843138575553894,
        "b": 0.1882352977991104,
        "a": 1.0
      },
      "bodyColors": [
        {
          "r": 0.7921568751335144,
          "g": 0.6549019813537598,
          "b": 0.5843137502670288,
          "a": 1.0
        },
        {
          "r": 0.8627451062202454,
          "g": 0.8509804010391235,
          "b": 0.8156862854957581,
          "a": 1.0
        },
        {
          "r": 0.7764706015586853,
          "g": 0.6274510025978088,
          "b": 0.4313725531101227,
          "a": 1.0
        },
        {
          "r": 0.4901960790157318,
          "g": 0.3607843220233917,
          "b": 0.27450981736183167,
          "a": 1.0
        }
      ],
      "instanceId": 50008
    },
    {
      "crowdTypeID": 400,
      "spawnPosition": {
        "x": -1382.22705078125,
        "y": 144.30160522460938,
        "z": 7579.919921875
      },
      "spawnFaceFwd": {
        "x": -0.840994656085968,
        "z": 0.5410434007644653
      },
      "hairColor": {
        "r": 0.4274509847164154,
        "g": 0.37254902720451355,
        "b": 0.3019607961177826,
        "a": 1.0
      },
      "bodyColors": [
        {
          "r": 0.9058823585510254,
          "g": 0.7882353067398071,
          "b": 0.7333333492279053,
          "a": 1.0
        },
        {
          "r": 0.7333333492279053,
          "g": 0.5882353186607361,
          "b": 0.3803921639919281,
          "a": 1.0
        },
        {
          "r": 0.47843137383461,
          "g": 0.32156863808631897,
          "b": 0.2078431397676468,
          "a": 1.0
        },
        {
          "r": 0.3450980484485626,
          "g": 0.2980392277240753,
          "b": 0.23529411852359772,
          "a": 1.0
        }
      ],
      "instanceId": 50009
    },
    {
      "crowdTypeID": 411,
      "spawnPosition": {
        "x": -1383.9010009765625,
        "y": 144.32449340820312,
        "z": 7577.4580078125
      },
      "spawnFaceFwd": {
        "x": -0.9985277056694031,
        "z": 0.054244041442871094
      },
      "hairColor": {
        "r": 0.3960784375667572,
        "g": 0.27843138575553894,
        "b": 0.1882352977991104,
        "a": 1.0
      },
      "bodyColors": [
        {
          "r": 0.7921568751335144,
          "g": 0.6549019813537598,
          "b": 0.5843137502670288,
          "a": 1.0
        },
        {
          "r": 0.8627451062202454,
          "g": 0.8509804010391235,
          "b": 0.8156862854957581,
          "a": 1.0
        },
        {
          "r": 0.7764706015586853,
          "g": 0.6274510025978088,
          "b": 0.4313725531101227,
          "a": 1.0
        },
        {
          "r": 0.4901960790157318,
          "g": 0.3607843220233917,
          "b": 0.27450981736183167,
          "a": 1.0
        }
      ],
      "instanceId": 50010
    },
    {
      "crowdTypeID": 429,
      "spawnPosition": {
        "x": -1383.594970703125,
        "y": 144.32020568847656,
        "z": 7579.2119140625
      },
      "spawnFaceFwd": {
        "x": -0.9997986555099487,
        "z": 0.020064473152160645
      },
      "hairColor": {
        "r": 0.4274509847164154,
        "g": 0.37254902720451355,
        "b": 0.3019607961177826,
        "a": 1.0
      },
      "bodyColors": [
        {
          "r": 0.7921568751335144,
          "g": 0.6549019813537598,
          "b": 0.5843137502670288,
          "a": 1.0
        },
        {
          "r": 0.3137255012989044,
          "g": 0.5215686559677124,
          "b": 0.7019608020782471,
          "a": 1.0
        },
        {
          "r": 0.8352941274642944,
          "g": 0.5529412031173706,
          "b": 0.38823530077934265,
          "a": 1.0
        },
        {
          "r": 0.25882354378700256,
          "g": 0.250980406999588,
          "b": 0.24313725531101227,
          "a": 1.0
        }
      ],
      "instanceId": 50011
    },
    {
      "crowdTypeID": 438,
      "animConfigID": 2,
      "spawnPosition": {
        "x": -1382.8690185546875,
        "y": 144.30990600585938,
        "z": 7576.27490234375
      },
      "spawnFaceFwd": {
        "x": -0.8576478362083435,
        "z": 0.5142374038696289
      },
      "hairColor": {
        "r": 0.32156863808631897,
        "g": 0.21568627655506134,
        "b": 0.18039216101169586,
        "a": 1.0
      },
      "bodyColors": [
        {
          "r": 0.9058823585510254,
          "g": 0.7882353067398071,
          "b": 0.7333333492279053,
          "a": 1.0
        },
        {
          "r": 0.7333333492279053,
          "g": 0.5882353186607361,
          "b": 0.3803921639919281,
          "a": 1.0
        },
        {
          "r": 0.47843137383461,
          "g": 0.32156863808631897,
          "b": 0.2078431397676468,
          "a": 1.0
        },
        {
          "r": 0.3450980484485626,
          "g": 0.2980392277240753,
          "b": 0.23529411852359772,
          "a": 1.0
        }
      ],
      "instanceId": 50012
    },
    {
      "crowdTypeID": 418,
      "animConfigID": 2,
      "spawnPosition": {
        "x": -1384.343017578125,
        "y": 144.33070373535156,
        "z": 7573.25
      },
      "spawnFaceFwd": {
        "x": -0.774639904499054,
        "z": 0.6324026584625244
      },
      "hairColor": {
        "r": 0.3960784375667572,
        "g": 0.27843138575553894,
        "b": 0.1882352977991104,
        "a": 1.0
      },
      "bodyColors": [
        {
          "r": 0.9333333373069763,
          "g": 0.8666666746139526,
          "b": 0.843137264251709,
          "a": 1.0
        },
        {
          "r": 0.8627451062202454,
          "g": 0.8509804010391235,
          "b": 0.8156862854957581,
          "a": 1.0
        },
        {
          "r": 0.7764706015586853,
          "g": 0.6274510025978088,
          "b": 0.4313725531101227,
          "a": 1.0
        },
        {
          "r": 0.4901960790157318,
          "g": 0.3607843220233917,
          "b": 0.27450981736183167,
          "a": 1.0
        }
      ],
      "instanceId": 50013
    },
    {
      "crowdTypeID": 418,
      "animConfigID": 4,
      "spawnPosition": {
        "x": -1383.907958984375,
        "y": 144.32460021972656,
        "z": 7573.93798828125
      },
      "spawnFaceFwd": {
        "x": -0.658289909362793,
        "z": 0.7527644634246826
      },
      "hairColor": {
        "r": 0.5215686559677124,
        "g": 0.40392157435417175,
        "b": 0.2549019753932953,
        "a": 1.0
      },
      "bodyColors": [
        {
          "r": 0.9333333373069763,
          "g": 0.8666666746139526,
          "b": 0.843137264251709,
          "a": 1.0
        },
        {
          "r": 0.7333333492279053,
          "g": 0.5882353186607361,
          "b": 0.3803921639919281,
          "a": 1.0
        },
        {
          "r": 0.47843137383461,
          "g": 0.32156863808631897,
          "b": 0.2078431397676468,
          "a": 1.0
        },
        {
          "r": 0.3450980484485626,
          "g": 0.2980392277240753,
          "b": 0.23529411852359772,
          "a": 1.0
        }
      ],
      "instanceId": 50014
    },
    {
      "crowdTypeID": 434,
      "animConfigID": 4,
      "spawnPosition": {
        "x": -1382.824951171875,
        "y": 144.3101043701172,
        "z": 7582.2490234375
      },
      "spawnFaceFwd": {
        "x": -0.9956928491592407,
        "z": 0.0927131175994873
      },
      "hairColor": {
        "r": 0.25882354378700256,
        "g": 0.25882354378700256,
        "b": 0.25882354378700256,
        "a": 1.0
      },
      "bodyColors": [
        {
          "r": 0.7921568751335144,
          "g": 0.6549019813537598,
          "b": 0.5843137502670288,
          "a": 1.0
        },
        {
          "r": 0.8627451062202454,
          "g": 0.8509804010391235,
          "b": 0.8156862854957581,
          "a": 1.0
        },
        {
          "r": 0.7764706015586853,
          "g": 0.6274510025978088,
          "b": 0.4313725531101227,
          "a": 1.0
        },
        {
          "r": 0.4901960790157318,
          "g": 0.3607843220233917,
          "b": 0.27450981736183167,
          "a": 1.0
        }
      ],
      "instanceId": 50015
    },
    {
      "crowdTypeID": 410,
      "spawnPosition": {
        "x": -1382.4649658203125,
        "y": 144.30459594726562,
        "z": 7578.369140625
      },
      "spawnFaceFwd": {
        "x": -0.9997956156730652,
        "z": -0.02021646499633789
      },
      "hairColor": {
        "r": 0.3960784375667572,
        "g": 0.27843138575553894,
        "b": 0.1882352977991104,
        "a": 1.0
      },
      "bodyColors": [
        {
          "r": 0.9333333373069763,
          "g": 0.8666666746139526,
          "b": 0.843137264251709,
          "a": 1.0
        },
        {
          "r": 0.7333333492279053,
          "g": 0.5882353186607361,
          "b": 0.3803921639919281,
          "a": 1.0
        },
        {
          "r": 0.47843137383461,
          "g": 0.32156863808631897,
          "b": 0.2078431397676468,
          "a": 1.0
        },
        {
          "r": 0.3450980484485626,
          "g": 0.2980392277240753,
          "b": 0.23529411852359772,
          "a": 1.0
        }
      ],
      "instanceId": 50016
    },
    {
      "crowdTypeID": 420,
      "animConfigID": 1,
      "spawnPosition": {
        "x": -1339.821044921875,
        "y": 138.12660217285156,
        "z": 7563.533203125
      },
      "spawnFaceFwd": {
        "x": 0.008492757566273212,
        "z": -0.9999639987945557
      },
      "hairColor": {
        "r": 0.32156863808631897,
        "g": 0.21568627655506134,
        "b": 0.18039216101169586,
        "a": 1.0
      },
      "bodyColors": [
        {
          "r": 0.9333333373069763,
          "g": 0.8666666746139526,
          "b": 0.843137264251709,
          "a": 1.0
        },
        {
          "r": 0.47843137383461,
          "g": 0.32156863808631897,
          "b": 0.2078431397676468,
          "a": 1.0
        },
        {
          "r": 0.3450980484485626,
          "g": 0.2980392277240753,
          "b": 0.23529411852359772,
          "a": 1.0
        },
        {
          "r": 0.7333333492279053,
          "g": 0.5882353186607361,
          "b": 0.3803921639919281,
          "a": 1.0
        }
      ],
      "instanceId": 50017
    },
    {
      "crowdTypeID": 418,
      "animConfigID": 1,
      "spawnPosition": {
        "x": -1339.68798828125,
        "y": 138.12660217285156,
        "z": 7562.619140625
      },
      "spawnFaceFwd": {
        "z": 1.0
      },
      "hairColor": {
        "r": 0.5215686559677124,
        "g": 0.40392157435417175,
        "b": 0.2549019753932953,
        "a": 1.0
      },
      "bodyColors": [
        {
          "r": 0.9058823585510254,
          "g": 0.7882353067398071,
          "b": 0.7333333492279053,
          "a": 1.0
        },
        {
          "r": 0.8627451062202454,
          "g": 0.8509804010391235,
          "b": 0.8156862854957581,
          "a": 1.0
        },
        {
          "r": 0.7764706015586853,
          "g": 0.6274510025978088,
          "b": 0.4313725531101227,
          "a": 1.0
        },
        {
          "r": 0.4901960790157318,
          "g": 0.3607843220233917,
          "b": 0.27450981736183167,
          "a": 1.0
        }
      ],
      "instanceId": 50018
    },
    {
      "crowdTypeID": 416,
      "animConfigID": 5,
      "spawnPosition": {
        "x": -1341.0780029296875,
        "y": 138.17889404296875,
        "z": 7583.9169921875
      },
      "spawnFaceFwd": {
        "x": -0.6885533332824707,
        "z": 0.725185751914978
      },
      "hairColor": {
        "r": 0.5215686559677124,
        "g": 0.40392157435417175,
        "b": 0.2549019753932953,
        "a": 1.0
      },
      "bodyColors": [
        {
          "r": 0.9333333373069763,
          "g": 0.8666666746139526,
          "b": 0.843137264251709,
          "a": 1.0
        },
        {
          "r": 0.3450980484485626,
          "g": 0.2980392277240753,
          "b": 0.23529411852359772,
          "a": 1.0
        },
        {
          "r": 0.47843137383461,
          "g": 0.32156863808631897,
          "b": 0.2078431397676468,
          "a": 1.0
        },
        {
          "r": 0.7333333492279053,
          "g": 0.5882353186607361,
          "b": 0.3803921639919281,
          "a": 1.0
        }
      ],
      "instanceId": 50019
    },
    {
      "crowdTypeID": 415,
      "animConfigID": 1,
      "spawnPosition": {
        "x": -1341.635009765625,
        "y": 138.16180419921875,
        "z": 7583.0888671875
      },
      "spawnFaceFwd": {
        "x": -0.767121434211731,
        "z": 0.6415019035339355
      },
      "hairColor": {
        "r": 0.25882354378700256,
        "g": 0.25882354378700256,
        "b": 0.25882354378700256,
        "a": 1.0
      },
      "bodyColors": [
        {
          "r": 0.9333333373069763,
          "g": 0.8666666746139526,
          "b": 0.843137264251709,
          "a": 1.0
        },
        {
          "r": 0.21176470816135406,
          "g": 0.32549020648002625,
          "b": 0.3803921639919281,
          "a": 1.0
        },
        {
          "r": 0.2980392277240753,
          "g": 0.4901960790157318,
          "b": 0.5803921818733215,
          "a": 1.0
        },
        {
          "r": 0.6313725709915161,
          "g": 0.7686274647712708,
          "b": 0.7372549176216125,
          "a": 1.0
        }
      ],
      "instanceId": 50020
    },
    {
      "crowdTypeID": 404,
      "animConfigID": 4,
      "spawnPosition": {
        "x": -1361.697021484375,
        "y": 153.16419982910156,
        "z": 7601.9140625
      },
      "spawnFaceFwd": {
        "x": 0.4816112816333771,
        "z": -0.876384973526001
      },
      "hairColor": {
        "r": 0.32156863808631897,
        "g": 0.21568627655506134,
        "b": 0.18039216101169586,
        "a": 1.0
      },
      "bodyColors": [
        {
          "r": 0.7921568751335144,
          "g": 0.6549019813537598,
          "b": 0.5843137502670288,
          "a": 1.0
        },
        {
          "r": 0.47058823704719543,
          "g": 0.33725491166114807,
          "b": 0.3176470696926117,
          "a": 1.0
        },
        {
          "r": 0.6509804129600525,
          "g": 0.364705890417099,
          "b": 0.3450980484485626,
          "a": 1.0
        },
        {
          "r": 0.8196078538894653,
          "g": 0.7568627595901489,
          "b": 0.729411780834198,
          "a": 1.0
        }
      ],
      "instanceId": 50021
    },
    {
      "crowdTypeID": 401,
      "animConfigID": 3,
      "spawnPosition": {
        "x": -1361.927001953125,
        "y": 153.1571044921875,
        "z": 7601.31689453125
      },
      "spawnFaceFwd": {
        "x": 0.8697137236595154,
        "z": -0.4935563802719116
      },
      "hairColor": {
        "r": 0.5215686559677124,
        "g": 0.40392157435417175,
        "b": 0.2549019753932953,
        "a": 1.0
      },
      "bodyColors": [
        {
          "r": 0.7921568751335144,
          "g": 0.6549019813537598,
          "b": 0.5843137502670288,
          "a": 1.0
        },
        {
          "r": 0.3450980484485626,
          "g": 0.2980392277240753,
          "b": 0.23529411852359772,
          "a": 1.0
        },
        {
          "r": 0.47843137383461,
          "g": 0.32156863808631897,
          "b": 0.2078431397676468,
          "a": 1.0
        },
        {
          "r": 0.7333333492279053,
          "g": 0.5882353186607361,
          "b": 0.3803921639919281,
          "a": 1.0
        }
      ],
      "instanceId": 50022
    },
    {
      "crowdTypeID": 418,
      "animConfigID": 13,
      "spawnPosition": {
        "x": -1326.0579833984375,
        "y": 140.98660278320312,
        "z": 7600.15380859375
      },
      "spawnFaceFwd": {
        "x": 0.9890732169151306,
        "z": 0.14742517471313477
      },
      "hairColor": {
        "r": 0.3960784375667572,
        "g": 0.27843138575553894,
        "b": 0.1882352977991104,
        "a": 1.0
      },
      "bodyColors": [
        {
          "r": 0.9333333373069763,
          "g": 0.8666666746139526,
          "b": 0.843137264251709,
          "a": 1.0
        },
        {
          "r": 0.8196078538894653,
          "g": 0.7882353067398071,
          "b": 0.7450980544090271,
          "a": 1.0
        },
        {
          "r": 0.47843137383461,
          "g": 0.5490196347236633,
          "b": 0.3294117748737335,
          "a": 1.0
        },
        {
          "r": 0.3294117748737335,
          "g": 0.3294117748737335,
          "b": 0.20392157137393951,
          "a": 1.0
        }
      ],
      "instanceId": 50023
    },
    {
      "crowdTypeID": 484,
      "spawnPosition": {
        "x": -1323.7139892578125,
        "y": 140.98660278320312,
        "z": 7600.1328125
      },
      "spawnFaceFwd": {
        "x": -0.9990686178207397,
        "z": 0.04315042495727539
      },
      "hairColor": {
        "r": 0.25882354378700256,
        "g": 0.25882354378700256,
        "b": 0.25882354378700256,
        "a": 1.0
      },
      "bodyColors": [
        {
          "r": 0.9333333373069763,
          "g": 0.8666666746139526,
          "b": 0.843137264251709,
          "a": 1.0
        },
        {
          "r": 0.7333333492279053,
          "g": 0.5882353186607361,
          "b": 0.3803921639919281,
          "a": 1.0
        },
        {
          "r": 0.47843137383461,
          "g": 0.32156863808631897,
          "b": 0.2078431397676468,
          "a": 1.0
        },
        {
          "r": 0.3450980484485626,
          "g": 0.2980392277240753,
          "b": 0.23529411852359772,
          "a": 1.0
        }
      ],
      "instanceId": 50024
    },
    {
      "crowdTypeID": 418,
      "animConfigID": 6,
      "spawnPosition": {
        "x": -1376.9840087890625,
        "y": 150.9425048828125,
        "z": 7644.30615234375
      },
      "spawnFaceFwd": {
        "x": -0.44044527411460876,
        "z": 0.8977794647216797
      },
      "hairColor": {
        "r": 0.5215686559677124,
        "g": 0.40392157435417175,
        "b": 0.2549019753932953,
        "a": 1.0
      },
      "bodyColors": [
        {
          "r": 0.9333333373069763,
          "g": 0.8666666746139526,
          "b": 0.843137264251709,
          "a": 1.0
        },
        {
          "r": 0.7333333492279053,
          "g": 0.5882353186607361,
          "b": 0.3803921639919281,
          "a": 1.0
        },
        {
          "r": 0.47843137383461,
          "g": 0.32156863808631897,
          "b": 0.2078431397676468,
          "a": 1.0
        },
        {
          "r": 0.3450980484485626,
          "g": 0.2980392277240753,
          "b": 0.23529411852359772,
          "a": 1.0
        }
      ],
      "instanceId": 50025
    },
    {
      "crowdTypeID": 480,
      "animConfigID": 1,
      "spawnPosition": {
        "x": -1374.261962890625,
        "y": 150.7147979736328,
        "z": 7637.18701171875
      },
      "spawnFaceFwd": {
        "z": 1.0
      },
      "hairColor": {
        "r": 0.5215686559677124,
        "g": 0.40392157435417175,
        "b": 0.2549019753932953,
        "a": 1.0
      },
      "bodyColors": [
        {
          "r": 0.7921568751335144,
          "g": 0.6549019813537598,
          "b": 0.5843137502670288,
          "a": 1.0
        },
        {
          "r": 0.3450980484485626,
          "g": 0.2980392277240753,
          "b": 0.23529411852359772,
          "a": 1.0
        },
        {
          "r": 0.47843137383461,
          "g": 0.32156863808631897,
          "b": 0.2078431397676468,
          "a": 1.0
        },
        {
          "r": 0.7333333492279053,
          "g": 0.5882353186607361,
          "b": 0.3803921639919281,
          "a": 1.0
        }
      ],
      "instanceId": 50026
    },
    {
      "crowdTypeID": 450,
      "animConfigID": 2,
      "spawnPosition": {
        "x": -1373.3499755859375,
        "y": 150.71449279785156,
        "z": 7637.60595703125
      },
      "spawnFaceFwd": {
        "x": -0.7714480757713318,
        "z": 0.6362922191619873
      },
      "hairColor": {
        "r": 0.5215686559677124,
        "g": 0.40392157435417175,
        "b": 0.2549019753932953,
        "a": 1.0
      },
      "bodyColors": [
        {
          "r": 0.9333333373069763,
          "g": 0.8666666746139526,
          "b": 0.843137264251709,
          "a": 1.0
        },
        {
          "r": 0.7333333492279053,
          "g": 0.5882353186607361,
          "b": 0.3803921639919281,
          "a": 1.0
        },
        {
          "r": 0.47843137383461,
          "g": 0.32156863808631897,
          "b": 0.2078431397676468,
          "a": 1.0
        },
        {
          "r": 0.3450980484485626,
          "g": 0.2980392277240753,
          "b": 0.23529411852359772,
          "a": 1.0
        }
      ],
      "instanceId": 50027
    },
    {
      "crowdTypeID": 484,
      "spawnPosition": {
        "x": -1346.177978515625,
        "y": 164.0718994140625,
        "z": 7653.8330078125
      },
      "spawnFaceFwd": {
        "x": 0.3046365976333618,
        "z": -0.9524686336517334
      },
      "hairColor": {
        "r": 0.3960784375667572,
        "g": 0.27843138575553894,
        "b": 0.1882352977991104,
        "a": 1.0
      },
      "bodyColors": [
        {
          "r": 0.9333333373069763,
          "g": 0.8666666746139526,
          "b": 0.843137264251709,
          "a": 1.0
        },
        {
          "r": 0.7333333492279053,
          "g": 0.5882353186607361,
          "b": 0.3803921639919281,
          "a": 1.0
        },
        {
          "r": 0.47843137383461,
          "g": 0.32156863808631897,
          "b": 0.2078431397676468,
          "a": 1.0
        },
        {
          "r": 0.3450980484485626,
          "g": 0.2980392277240753,
          "b": 0.23529411852359772,
          "a": 1.0
        }
      ],
      "instanceId": 50028
    },
    {
      "crowdTypeID": 415,
      "animConfigID": 5,
      "spawnPosition": {
        "x": -1345.8719482421875,
        "y": 164.0718994140625,
        "z": 7652.7900390625
      },
      "spawnFaceFwd": {
        "x": -0.44303980469703674,
        "z": 0.8965019583702087
      },
      "hairColor": {
        "r": 0.5215686559677124,
        "g": 0.40392157435417175,
        "b": 0.2549019753932953,
        "a": 1.0
      },
      "bodyColors": [
        {
          "r": 0.9058823585510254,
          "g": 0.7882353067398071,
          "b": 0.7333333492279053,
          "a": 1.0
        },
        {
          "r": 0.8627451062202454,
          "g": 0.8509804010391235,
          "b": 0.8156862854957581,
          "a": 1.0
        },
        {
          "r": 0.7764706015586853,
          "g": 0.6274510025978088,
          "b": 0.4313725531101227,
          "a": 1.0
        },
        {
          "r": 0.4901960790157318,
          "g": 0.3607843220233917,
          "b": 0.27450981736183167,
          "a": 1.0
        }
      ],
      "instanceId": 50029
    },
    {
      "crowdTypeID": 484,
      "animConfigID": 3,
      "spawnPosition": {
        "x": -1384.8079833984375,
        "y": 169.1699981689453,
        "z": 7679.44482421875
      },
      "spawnFaceFwd": {
        "x": -0.74803227186203,
        "z": 0.663662314414978
      },
      "hairColor": {
        "r": 0.4274509847164154,
        "g": 0.37254902720451355,
        "b": 0.3019607961177826,
        "a": 1.0
      },
      "bodyColors": [
        {
          "r": 0.7921568751335144,
          "g": 0.6549019813537598,
          "b": 0.5843137502670288,
          "a": 1.0
        },
        {
          "r": 0.8627451062202454,
          "g": 0.8509804010391235,
          "b": 0.8156862854957581,
          "a": 1.0
        },
        {
          "r": 0.7764706015586853,
          "g": 0.6274510025978088,
          "b": 0.4313725531101227,
          "a": 1.0
        },
        {
          "r": 0.4901960790157318,
          "g": 0.3607843220233917,
          "b": 0.27450981736183167,
          "a": 1.0
        }
      ],
      "instanceId": 50030
    },
    {
      "crowdTypeID": 483,
      "spawnPosition": {
        "x": -1334.113037109375,
        "y": 163.55999755859375,
        "z": 7674.115234375
      },
      "spawnFaceFwd": {
        "x": -0.3610175848007202,
        "z": -0.9325588941574097
      },
      "hairColor": {
        "r": 0.25882354378700256,
        "g": 0.25882354378700256,
        "b": 0.25882354378700256,
        "a": 1.0
      },
      "bodyColors": [
        {
          "r": 0.9333333373069763,
          "g": 0.8666666746139526,
          "b": 0.843137264251709,
          "a": 1.0
        },
        {
          "r": 0.3450980484485626,
          "g": 0.2980392277240753,
          "b": 0.23529411852359772,
          "a": 1.0
        },
        {
          "r": 0.47843137383461,
          "g": 0.32156863808631897,
          "b": 0.2078431397676468,
          "a": 1.0
        },
        {
          "r": 0.7333333492279053,
          "g": 0.5882353186607361,
          "b": 0.3803921639919281,
          "a": 1.0
        }
      ],
      "instanceId": 50031
    },
    {
      "crowdTypeID": 418,
      "animConfigID": 1,
      "spawnPosition": {
        "x": -1334.154052734375,
        "y": 163.55999755859375,
        "z": 7673.2490234375
      },
      "spawnFaceFwd": {
        "z": 1.0
      },
      "hairColor": {
        "r": 0.3960784375667572,
        "g": 0.27843138575553894,
        "b": 0.1882352977991104,
        "a": 1.0
      },
      "bodyColors": [
        {
          "r": 0.7921568751335144,
          "g": 0.6549019813537598,
          "b": 0.5843137502670288,
          "a": 1.0
        },
        {
          "r": 0.7333333492279053,
          "g": 0.5882353186607361,
          "b": 0.3803921639919281,
          "a": 1.0
        },
        {
          "r": 0.47843137383461,
          "g": 0.32156863808631897,
          "b": 0.2078431397676468,
          "a": 1.0
        },
        {
          "r": 0.3450980484485626,
          "g": 0.2980392277240753,
          "b": 0.23529411852359772,
          "a": 1.0
        }
      ],
      "instanceId": 50032
    },
    {
      "crowdTypeID": 431,
      "spawnPosition": {
        "x": -1377.3570556640625,
        "y": 131.7825927734375,
        "z": 7511.5390625
      },
      "spawnFaceFwd": {
        "x": 0.8502007126808167,
        "z": -0.526458740234375
      },
      "hairColor": {
        "r": 0.29019609093666077,
        "g": 0.3176470696926117,
        "b": 0.3529411852359772,
        "a": 1.0
      },
      "bodyColors": [
        {
          "r": 0.9333333373069763,
          "g": 0.8666666746139526,
          "b": 0.843137264251709,
          "a": 1.0
        },
        {
          "r": 0.7333333492279053,
          "g": 0.5882353186607361,
          "b": 0.3803921639919281,
          "a": 1.0
        },
        {
          "r": 0.47843137383461,
          "g": 0.32156863808631897,
          "b": 0.2078431397676468,
          "a": 1.0
        },
        {
          "r": 0.3450980484485626,
          "g": 0.2980392277240753,
          "b": 0.23529411852359772,
          "a": 1.0
        }
      ],
      "instanceId": 50033
    },
    {
      "crowdTypeID": 408,
      "animConfigID": 2,
      "spawnPosition": {
        "x": -1375.1240234375,
        "y": 169.1699981689453,
        "z": 7672.09716796875
      },
      "spawnFaceFwd": {
        "x": 0.44481122493743896,
        "z": 0.8956243395805359
      },
      "hairColor": {
        "r": 0.4274509847164154,
        "g": 0.37254902720451355,
        "b": 0.3019607961177826,
        "a": 1.0
      },
      "bodyColors": [
        {
          "r": 0.7921568751335144,
          "g": 0.6549019813537598,
          "b": 0.5843137502670288,
          "a": 1.0
        },
        {
          "r": 0.8627451062202454,
          "g": 0.8509804010391235,
          "b": 0.8156862854957581,
          "a": 1.0
        },
        {
          "r": 0.7764706015586853,
          "g": 0.6274510025978088,
          "b": 0.4313725531101227,
          "a": 1.0
        },
        {
          "r": 0.4901960790157318,
          "g": 0.3607843220233917,
          "b": 0.27450981736183167,
          "a": 1.0
        }
      ],
      "instanceId": 50034
    },
    {
      "crowdTypeID": 425,
      "animConfigID": 1,
      "spawnPosition": {
        "x": -1373.3370361328125,
        "y": 169.1699981689453,
        "z": 7672.51806640625
      },
      "spawnFaceFwd": {
        "x": -0.7824451923370361,
        "z": 0.6227195262908936
      },
      "hairColor": {
        "r": 0.3960784375667572,
        "g": 0.27843138575553894,
        "b": 0.1882352977991104,
        "a": 1.0
      },
      "bodyColors": [
        {
          "r": 0.7921568751335144,
          "g": 0.6549019813537598,
          "b": 0.5843137502670288,
          "a": 1.0
        },
        {
          "r": 0.25882354378700256,
          "g": 0.250980406999588,
          "b": 0.24313725531101227,
          "a": 1.0
        },
        {
          "r": 0.3137255012989044,
          "g": 0.5215686559677124,
          "b": 0.7019608020782471,
          "a": 1.0
        },
        {
          "r": 0.8352941274642944,
          "g": 0.5529412031173706,
          "b": 0.38823530077934265,
          "a": 1.0
        }
      ],
      "instanceId": 50035
    },
    {
      "crowdTypeID": 401,
      "animConfigID": 1,
      "spawnPosition": {
        "x": -1374.89794921875,
        "y": 169.1699981689453,
        "z": 7674.17822265625
      },
      "spawnFaceFwd": {
        "x": 0.6814187169075012,
        "z": -0.73189377784729
      },
      "hairColor": {
        "r": 0.3960784375667572,
        "g": 0.27843138575553894,
        "b": 0.1882352977991104,
        "a": 1.0
      },
      "bodyColors": [
        {
          "r": 0.9058823585510254,
          "g": 0.7882353067398071,
          "b": 0.7333333492279053,
          "a": 1.0
        },
        {
          "r": 0.3450980484485626,
          "g": 0.2980392277240753,
          "b": 0.23529411852359772,
          "a": 1.0
        },
        {
          "r": 0.47843137383461,
          "g": 0.32156863808631897,
          "b": 0.2078431397676468,
          "a": 1.0
        },
        {
          "r": 0.7333333492279053,
          "g": 0.5882353186607361,
          "b": 0.3803921639919281,
          "a": 1.0
        }
      ],
      "instanceId": 50036
    },
    {
      "crowdTypeID": 437,
      "animConfigID": 2,
      "spawnPosition": {
        "x": -1373.39599609375,
        "y": 169.1699981689453,
        "z": 7674.1201171875
      },
      "spawnFaceFwd": {
        "x": -0.6262757778167725,
        "z": -0.7796014547348022
      },
      "hairColor": {
        "r": 0.5215686559677124,
        "g": 0.40392157435417175,
        "b": 0.2549019753932953,
        "a": 1.0
      },
      "bodyColors": [
        {
          "r": 0.7921568751335144,
          "g": 0.6549019813537598,
          "b": 0.5843137502670288,
          "a": 1.0
        },
        {
          "r": 0.7960784435272217,
          "g": 0.7490196228027344,
          "b": 0.6941176652908325,
          "a": 1.0
        },
        {
          "r": 0.5058823823928833,
          "g": 0.43921568989753723,
          "b": 0.5607843399047852,
          "a": 1.0
        },
        {
          "r": 0.30980393290519714,
          "g": 0.24705882370471954,
          "b": 0.34117648005485535,
          "a": 1.0
        }
      ],
      "instanceId": 50037
    },
    {
      "crowdTypeID": 408,
      "animConfigID": 2,
      "spawnPosition": {
        "x": -1566.114990234375,
        "y": 102.90699768066406,
        "z": 7962.26416015625
      },
      "spawnFaceFwd": {
        "x": 0.8034083843231201,
        "z": 0.5954284071922302
      },
      "hairColor": {
        "r": 0.4274509847164154,
        "g": 0.37254902720451355,
        "b": 0.3019607961177826,
        "a": 1.0
      },
      "bodyColors": [
        {
          "r": 0.7921568751335144,
          "g": 0.6549019813537598,
          "b": 0.5843137502670288,
          "a": 1.0
        },
