{
  "crowdSpawnInfos": [
    {
      "crowdTypeID": 414,
      "animConfigID": 3,
      "spawnPosition": {
        "x": -2155.93896484375,
        "y": 243.9340057373047,
        "z": 8436.44921875
      },
      "spawnFaceFwd": {
        "x": -0.6746375560760498,
        "z": 0.7381491661071777
      },
      "hairColor": {
        "r": 0.5215686559677124,
        "g": 0.40392157435417175,
        "b": 0.2549019753932953,
        "a": 1.0
      },
      "bodyColors": [
        {
          "r": 0.7921568751335144,
          "g": 0.6549019813537598,
          "b": 0.5843137502670288,
          "a": 1.0
        },
        {
          "r": 0.8196078538894653,
          "g": 0.7882353067398071,
          "b": 0.7450980544090271,
          "a": 1.0
        },
        {
          "r": 0.47843137383461,
          "g": 0.5490196347236633,
          "b": 0.3294117748737335,
          "a": 1.0
        },
        {
          "r": 0.3294117748737335,
          "g": 0.3294117748737335,
          "b": 0.20392157137393951,
          "a": 1.0
        }
      ],
      "instanceId": 10001
    },
    {
      "crowdTypeID": 486,
      "spawnPosition": {
        "x": -2156.8740234375,
        "y": 243.9761962890625,
        "z": 8437.302734375
      },
      "spawnFaceFwd": {
        "x": 0.7355475425720215,
        "z": -0.6774730682373047
      },
      "hairColor": {
        "r": 0.25882354378700256,
        "g": 0.25882354378700256,
        "b": 0.25882354378700256,
        "a": 1.0
      },
      "bodyColors": [
        {
          "r": 0.9058823585510254,
          "g": 0.7882353067398071,
          "b": 0.7333333492279053,
          "a": 1.0
        },
        {
          "r": 0.47843137383461,
          "g": 0.5490196347236633,
          "b": 0.3294117748737335,
          "a": 1.0
        },
        {
          "r": 0.8196078538894653,
          "g": 0.7882353067398071,
          "b": 0.7450980544090271,
          "a": 1.0
        },
        {
          "r": 0.3294117748737335,
          "g": 0.3294117748737335,
          "b": 0.20392157137393951,
          "a": 1.0
        }
      ],
      "instanceId": 10002
    },
    {
      "crowdTypeID": 414,
      "animConfigID": 2,
      "spawnPosition": {
        "x": -2130.16796875,
        "y": 243.99510192871094,
        "z": 8435.3984375
      },
      "spawnFaceFwd": {
        "x": 0.18019826710224152,
        "z": -0.9836301803588867
      },
      "hairColor": {
        "r": 0.25882354378700256,
        "g": 0.25882354378700256,
        "b": 0.25882354378700256,
        "a": 1.0
      },
      "bodyColors": [
        {
          "r": 0.7921568751335144,
          "g": 0.6549019813537598,
          "b": 0.5843137502670288,
          "a": 1.0
        },
        {
          "r": 0.8196078538894653,
          "g": 0.7882353067398071,
          "b": 0.7450980544090271,
          "a": 1.0
        },
        {
          "r": 0.47843137383461,
          "g": 0.5490196347236633,
          "b": 0.3294117748737335,
          "a": 1.0
        },
        {
          "r": 0.3294117748737335,
          "g": 0.3294117748737335,
          "b": 0.20392157137393951,
          "a": 1.0
        }
      ],
      "instanceId": 10003
    },
    {
      "crowdTypeID": 421,
      "spawnPosition": {
        "x": -2135.654052734375,
        "y": 240.21429443359375,
        "z": 8457.6025390625
      },
      "spawnFaceFwd": {
        "x": -0.445015013217926,
        "z": 0.8955231308937073
      },
      "hairColor": {
        "r": 0.8392156958580017,
        "g": 0.8392156958580017,
        "b": 0.8392156958580017,
        "a": 1.0
      },
      "bodyColors": [
        {
          "r": 0.9058823585510254,
          "g": 0.7882353067398071,
          "b": 0.7333333492279053,
          "a": 1.0
        },
        {
          "r": 0.8196078538894653,
          "g": 0.7882353067398071,
          "b": 0.7450980544090271,
          "a": 1.0
        },
        {
          "r": 0.47843137383461,
          "g": 0.5490196347236633,
          "b": 0.3294117748737335,
          "a": 1.0
        },
        {
          "r": 0.3294117748737335,
          "g": 0.3294117748737335,
          "b": 0.20392157137393951,
          "a": 1.0
        }
      ],
      "instanceId": 10004
    },
    {
      "crowdTypeID": 71,
      "spawnPosition": {
        "x": -2117.345947265625,
        "y": 240.27609252929688,
        "z": 8470.0634765625
      },
      "spawnFaceFwd": {
        "x": -0.999992847442627,
        "z": 0.003775179386138916
      },
      "hairColor": {
        "r": 0.25882354378700256,
        "g": 0.25882354378700256,
        "b": 0.25882354378700256,
        "a": 1.0
      },
      "bodyColors": [
        {
          "r": 0.9058823585510254,
          "g": 0.7882353067398071,
          "b": 0.7333333492279053,
          "a": 1.0
        },
        {
          "r": 0.5686274766921997,
          "g": 0.572549045085907,
          "b": 0.6117647290229797,
          "a": 1.0
        },
        {
          "r": 0.2235294133424759,
          "g": 0.2705882489681244,
          "b": 0.3607843220233917,
          "a": 1.0
        },
        {
          "r": 0.3137255012989044,
          "g": 0.38823530077934265,
          "b": 0.47843137383461,
          "a": 1.0
        }
      ],
      "instanceId": 10005
    },
    {
      "crowdTypeID": 484,
      "animConfigID": 2,
      "spawnPosition": {
        "x": -2120.114013671875,
        "y": 240.30569458007812,
        "z": 8470.5146484375
      },
      "spawnFaceFwd": {
        "x": 0.9314424395561218,
        "z": -0.3638885021209717
      },
      "hairColor": {
        "r": 0.5215686559677124,
        "g": 0.40392157435417175,
        "b": 0.2549019753932953,
        "a": 1.0
      },
      "bodyColors": [
        {
          "r": 0.9058823585510254,
          "g": 0.7882353067398071,
          "b": 0.7333333492279053,
          "a": 1.0
        },
        {
          "r": 0.8196078538894653,
          "g": 0.7882353067398071,
          "b": 0.7450980544090271,
          "a": 1.0
        },
        {
          "r": 0.47843137383461,
          "g": 0.5490196347236633,
          "b": 0.3294117748737335,
          "a": 1.0
        },
        {
          "r": 0.3294117748737335,
          "g": 0.3294117748737335,
          "b": 0.20392157137393951,
          "a": 1.0
        }
      ],
      "instanceId": 10006
    },
    {
      "crowdTypeID": 417,
      "animConfigID": 9,
      "spawnPosition": {
        "x": -2088.76806640625,
        "y": 240.23570251464844,
        "z": 8468.8623046875
      },
      "spawnFaceFwd": {
        "x": 0.22944502532482147,
        "z": -0.9733215570449829
      },
      "hairColor": {
        "r": 0.3960784375667572,
        "g": 0.27843138575553894,
        "b": 0.1882352977991104,
        "a": 1.0
      },
      "bodyColors": [
        {
          "r": 0.9058823585510254,
          "g": 0.7882353067398071,
          "b": 0.7333333492279053,
          "a": 1.0
        },
        {
          "r": 0.2705882489681244,
          "g": 0.27843138575553894,
          "b": 0.364705890417099,
          "a": 1.0
        },
        {
          "r": 0.4117647111415863,
          "g": 0.5490196347236633,
          "b": 0.6823529601097107,
          "a": 1.0
        },
        {
          "r": 0.772549033164978,
          "g": 0.8235294222831726,
          "b": 0.8823529481887817,
          "a": 1.0
        }
      ],
      "instanceId": 10008
    },
    {
      "crowdTypeID": 357,
      "animConfigID": 2,
      "spawnPosition": {
        "x": -2112.633056640625,
        "y": 243.9069061279297,
        "z": 8455.4931640625
      },
      "spawnFaceFwd": {
        "x": -0.6086312532424927,
        "z": -0.7934533357620239
      },
      "hairColor": {
        "r": 0.5215686559677124,
        "g": 0.40392157435417175,
        "b": 0.2549019753932953,
        "a": 1.0
      },
      "bodyColors": [
        {
          "r": 1.0,
          "g": 1.0,
          "b": 1.0,
          "a": 1.0
        },
        {
          "r": 1.0,
          "g": 1.0,
          "b": 1.0,
          "a": 1.0
        },
        {
          "r": 1.0,
          "g": 1.0,
          "b": 1.0,
          "a": 1.0
        },
        {
          "r": 1.0,
          "g": 1.0,
          "b": 1.0,
          "a": 1.0
        }
      ],
      "instanceId": 10009
    },
    {
      "crowdTypeID": 414,
      "animConfigID": 1,
      "spawnPosition": {
        "x": -2113.430908203125,
        "y": 243.91079711914062,
        "z": 8454.392578125
      },
      "spawnFaceFwd": {
        "x": 0.532072126865387,
        "z": 0.8466989994049072
      },
      "hairColor": {
        "r": 0.25882354378700256,
        "g": 0.25882354378700256,
        "b": 0.25882354378700256,
        "a": 1.0
      },
      "bodyColors": [
        {
          "r": 0.9058823585510254,
          "g": 0.7882353067398071,
          "b": 0.7333333492279053,
          "a": 1.0
        },
        {
          "r": 0.8196078538894653,
          "g": 0.7882353067398071,
          "b": 0.7450980544090271,
          "a": 1.0
        },
        {
          "r": 0.47843137383461,
          "g": 0.5490196347236633,
          "b": 0.3294117748737335,
          "a": 1.0
        },
        {
          "r": 0.3294117748737335,
          "g": 0.3294117748737335,
          "b": 0.20392157137393951,
          "a": 1.0
        }
      ],
      "instanceId": 10010
    },
    {
      "crowdTypeID": 415,
      "animConfigID": 5,
      "spawnPosition": {
        "x": -2146.18408203125,
        "y": 249.21319580078125,
        "z": 8419.189453125
      },
      "spawnFaceFwd": {
        "x": 0.2272496223449707,
        "z": -0.9738365411758423
      },
      "hairColor": {
        "r": 0.3960784375667572,
        "g": 0.27843138575553894,
        "b": 0.1882352977991104,
        "a": 1.0
      },
      "bodyColors": [
        {
          "r": 0.9058823585510254,
          "g": 0.7882353067398071,
          "b": 0.7333333492279053,
          "a": 1.0
        },
        {
          "r": 0.8196078538894653,
          "g": 0.7882353067398071,
          "b": 0.7450980544090271,
          "a": 1.0
        },
        {
          "r": 0.47843137383461,
          "g": 0.5490196347236633,
          "b": 0.3294117748737335,
          "a": 1.0
        },
        {
          "r": 0.3294117748737335,
          "g": 0.3294117748737335,
          "b": 0.20392157137393951,
          "a": 1.0
        }
      ],
      "instanceId": 10013
    },
    {
      "crowdTypeID": 487,
      "spawnPosition": {
        "x": -2128.342041015625,
        "y": 240.42030334472656,
        "z": 8454.1513671875
      },
      "spawnFaceFwd": {
        "x": -0.00793097447603941,
        "z": 0.9999685287475586
      },
      "hairColor": {
        "r": 0.25882354378700256,
        "g": 0.25882354378700256,
        "b": 0.25882354378700256,
        "a": 1.0
      },
      "bodyColors": [
        {
          "r": 0.9058823585510254,
          "g": 0.7882353067398071,
          "b": 0.7333333492279053,
          "a": 1.0
        },
        {
          "r": 0.47843137383461,
          "g": 0.5490196347236633,
          "b": 0.3294117748737335,
          "a": 1.0
        },
        {
          "r": 0.8196078538894653,
          "g": 0.7882353067398071,
          "b": 0.7450980544090271,
          "a": 1.0
        },
        {
          "r": 0.3294117748737335,
          "g": 0.3294117748737335,
          "b": 0.20392157137393951,
          "a": 1.0
        }
      ],
      "instanceId": 10014
    },
    {
      "crowdTypeID": 446,
      "animConfigID": 1,
      "spawnPosition": {
        "x": -2118.469970703125,
        "y": 240.23570251464844,
        "z": 8464.884765625
      },
      "spawnFaceFwd": {
        "x": -0.6407007575035095,
        "z": 0.7677907347679138
      },
      "hairColor": {
        "r": 0.5215686559677124,
        "g": 0.40392157435417175,
        "b": 0.2549019753932953,
        "a": 1.0
      },
      "bodyColors": [
        {
          "r": 0.9058823585510254,
          "g": 0.7882353067398071,
          "b": 0.7333333492279053,
          "a": 1.0
        },
        {
          "r": 0.8196078538894653,
          "g": 0.7882353067398071,
          "b": 0.7450980544090271,
          "a": 1.0
        },
        {
          "r": 0.47843137383461,
          "g": 0.5490196347236633,
          "b": 0.3294117748737335,
          "a": 1.0
        },
        {
          "r": 0.3294117748737335,
          "g": 0.3294117748737335,
          "b": 0.20392157137393951,
          "a": 1.0
        }
      ],
      "instanceId": 10015
    },
    {
      "crowdTypeID": 486,
      "animConfigID": 1,
      "spawnPosition": {
        "x": -2090.386962890625,
        "y": 243.9949951171875,
        "z": 8447.6474609375
      },
      "spawnFaceFwd": {
        "x": 0.8916301727294922,
        "z": 0.4527643918991089
      },
      "hairColor": {
        "r": 0.25882354378700256,
        "g": 0.25882354378700256,
        "b": 0.25882354378700256,
        "a": 1.0
      },
      "bodyColors": [
        {
          "r": 0.9058823585510254,
          "g": 0.7882353067398071,
          "b": 0.7333333492279053,
          "a": 1.0
        },
        {
          "r": 0.47843137383461,
          "g": 0.5490196347236633,
          "b": 0.3294117748737335,
          "a": 1.0
        },
        {
          "r": 0.8196078538894653,
          "g": 0.7882353067398071,
          "b": 0.7450980544090271,
          "a": 1.0
        },
        {
          "r": 0.3294117748737335,
          "g": 0.3294117748737335,
          "b": 0.20392157137393951,
          "a": 1.0
        }
      ],
      "instanceId": 10016
    },
    {
      "crowdTypeID": 418,
      "animConfigID": 8,
      "spawnPosition": {
        "x": -2136.80908203125,
        "y": 240.2469024658203,
        "z": 8457.861328125
      },
      "spawnFaceFwd": {
        "z": 1.0
      },
      "hairColor": {
        "r": 0.32156863808631897,
        "g": 0.21568627655506134,
        "b": 0.18039216101169586,
        "a": 1.0
      },
      "bodyColors": [
        {
          "r": 0.9058823585510254,
          "g": 0.7882353067398071,
          "b": 0.7333333492279053,
          "a": 1.0
        },
        {
          "r": 0.8196078538894653,
          "g": 0.7882353067398071,
          "b": 0.7450980544090271,
          "a": 1.0
        },
        {
          "r": 0.47843137383461,
          "g": 0.5490196347236633,
          "b": 0.3294117748737335,
          "a": 1.0
        },
        {
          "r": 0.3294117748737335,
          "g": 0.3294117748737335,
          "b": 0.20392157137393951,
          "a": 1.0
        }
      ],
      "instanceId": 10017
    },
    {
      "crowdTypeID": 448,
      "animConfigID": 3,
      "spawnPosition": {
        "x": -2088.7080078125,
        "y": 240.2248992919922,
        "z": 8467.82421875
      },
      "spawnFaceFwd": {
        "x": -0.07988069206476212,
        "z": 0.996804416179657
      },
      "hairColor": {
        "r": 0.25882354378700256,
        "g": 0.25882354378700256,
        "b": 0.25882354378700256,
        "a": 1.0
      },
      "bodyColors": [
        {
          "r": 0.9058823585510254,
          "g": 0.7882353067398071,
          "b": 0.7333333492279053,
          "a": 1.0
        },
        {
          "r": 0.8117647171020508,
          "g": 0.8666666746139526,
          "b": 0.8901960849761963,
          "a": 1.0
        },
        {
          "r": 0.5568627715110779,
          "g": 0.6196078658103943,
          "b": 0.7843137383460999,
          "a": 1.0
        },
        {
          "r": 0.2823529541492462,
          "g": 0.3529411852359772,
          "b": 0.4901960790157318,
          "a": 1.0
        }
      ],
      "instanceId": 10018
    },
    {
      "crowdTypeID": 253,
      "animConfigID": 2,
      "spawnPosition": {
        "x": -2128.425048828125,
        "y": 240.23399353027344,
        "z": 8457.4560546875
      },
      "spawnFaceFwd": {
        "x": 0.08454912900924683,
        "z": -0.9964193105697632
      },
      "hairColor": {
        "r": 0.5215686559677124,
        "g": 0.40392157435417175,
        "b": 0.2549019753932953,
        "a": 1.0
      },
      "bodyColors": [
        {
          "r": 0.9058823585510254,
          "g": 0.7882353067398071,
          "b": 0.7333333492279053,
          "a": 1.0
        },
        {
          "r": 0.3686274588108063,
          "g": 0.4588235318660736,
          "b": 0.3294117748737335,
          "a": 1.0
        },
        {
          "r": 0.33725491166114807,
          "g": 0.3019607961177826,
          "b": 0.09019608050584793,
          "a": 1.0
        },
        {
          "r": 0.729411780834198,
          "g": 0.7372549176216125,
          "b": 0.5921568870544434,
          "a": 1.0
        }
      ],
      "instanceId": 10019
    },
    {
      "crowdTypeID": 430,
      "spawnPosition": {
        "x": -2109.881103515625,
        "y": 243.99510192871094,
        "z": 8444.396484375
      },
      "spawnFaceFwd": {
        "x": 0.9803479909896851,
        "z": -0.19727575778961182
      },
      "hairColor": {
        "r": 0.5215686559677124,
        "g": 0.40392157435417175,
        "b": 0.2549019753932953,
        "a": 1.0
      },
      "bodyColors": [
        {
          "r": 0.9058823585510254,
          "g": 0.7882353067398071,
          "b": 0.7333333492279053,
          "a": 1.0
        },
        {
          "r": 0.8196078538894653,
          "g": 0.7882353067398071,
          "b": 0.7450980544090271,
          "a": 1.0
        },
        {
          "r": 0.47843137383461,
          "g": 0.5490196347236633,
          "b": 0.3294117748737335,
          "a": 1.0
        },
        {
          "r": 0.3294117748737335,
          "g": 0.3294117748737335,
          "b": 0.20392157137393951,
          "a": 1.0
        }
      ],
      "instanceId": 10020
    },
    {
      "crowdTypeID": 415,
      "animConfigID": 4,
      "spawnPosition": {
        "x": -2156.909912109375,
        "y": 243.99940490722656,
        "z": 8445.7490234375
      },
      "spawnFaceFwd": {
        "x": -0.5947430729866028,
        "y": 0.13785459101200104,
        "z": -0.7920081615447998
      },
      "hairColor": {
        "r": 0.5215686559677124,
        "g": 0.40392157435417175,
        "b": 0.2549019753932953,
        "a": 1.0
      },
      "bodyColors": [
        {
          "r": 0.9058823585510254,
          "g": 0.7882353067398071,
          "b": 0.7333333492279053,
          "a": 1.0
        },
        {
          "r": 0.8196078538894653,
          "g": 0.7882353067398071,
          "b": 0.7450980544090271,
          "a": 1.0
        },
        {
          "r": 0.47843137383461,
          "g": 0.5490196347236633,
          "b": 0.3294117748737335,
          "a": 1.0
        },
        {
          "r": 0.3294117748737335,
          "g": 0.3294117748737335,
          "b": 0.20392157137393951,
          "a": 1.0
        }
      ],
      "instanceId": 10021
    },
    {
      "crowdTypeID": 433,
      "animConfigID": 1,
      "spawnPosition": {
        "x": -2157.93994140625,
        "y": 243.98060607910156,
        "z": 8444.3076171875
      },
      "spawnFaceFwd": {
        "x": 0.6904557347297668,
        "z": 0.7233746647834778
      },
      "hairColor": {
        "r": 0.25882354378700256,
        "g": 0.25882354378700256,
        "b": 0.25882354378700256,
        "a": 1.0
      },
      "bodyColors": [
        {
          "r": 0.9058823585510254,
          "g": 0.7882353067398071,
          "b": 0.7333333492279053,
          "a": 1.0
        },
        {
          "r": 0.8352941274642944,
          "g": 0.8705882430076599,
          "b": 0.8901960849761963,
          "a": 1.0
        },
        {
          "r": 0.37254902720451355,
          "g": 0.5843137502670288,
          "b": 0.6196078658103943,
          "a": 1.0
        },
        {
          "r": 0.1568627506494522,
          "g": 0.23137255012989044,
          "b": 0.2705882489681244,
          "a": 1.0
        }
      ],
      "instanceId": 10022
    },
    {
      "crowdTypeID": 418,
      "animConfigID": 11,
      "spawnPosition": {
        "x": -2149.133056640625,
        "y": 244.02749633789062,
        "z": 8442.8095703125
      },
      "spawnFaceFwd": {
        "x": -0.9737551808357239,
        "z": -0.22759830951690674
      },
      "hairColor": {
        "r": 0.25882354378700256,
        "g": 0.25882354378700256,
        "b": 0.25882354378700256,
        "a": 1.0
      },
      "bodyColors": [
        {
          "r": 0.9058823585510254,
          "g": 0.7882353067398071,
          "b": 0.7333333492279053,
          "a": 1.0
        },
        {
          "r": 0.8196078538894653,
          "g": 0.7882353067398071,
          "b": 0.7450980544090271,
          "a": 1.0
        },
        {
          "r": 0.47843137383461,
          "g": 0.5490196347236633,
          "b": 0.3294117748737335,
          "a": 1.0
        },
        {
          "r": 0.3294117748737335,
          "g": 0.3294117748737335,
          "b": 0.20392157137393951,
          "a": 1.0
        }
      ],
      "instanceId": 10024
    },
    {
      "crowdTypeID": 418,
      "animConfigID": 8,
      "spawnPosition": {
        "x": -2089.0859375,
        "y": 249.24000549316406,
        "z": 8415.9609375
      },
      "spawnFaceFwd": {
        "x": 0.9948410987854004,
        "z": 0.10144615173339844
      },
      "hairColor": {
        "r": 0.5215686559677124,
        "g": 0.40392157435417175,
        "b": 0.2549019753932953,
        "a": 1.0
      },
      "bodyColors": [
        {
          "r": 0.9058823585510254,
          "g": 0.7882353067398071,
          "b": 0.7333333492279053,
          "a": 1.0
        },
        {
          "r": 0.8196078538894653,
          "g": 0.7882353067398071,
          "b": 0.7450980544090271,
          "a": 1.0
        },
        {
          "r": 0.47843137383461,
          "g": 0.5490196347236633,
          "b": 0.3294117748737335,
          "a": 1.0
        },
        {
          "r": 0.3294117748737335,
          "g": 0.3294117748737335,
          "b": 0.20392157137393951,
          "a": 1.0
        }
      ],
      "instanceId": 10029
    },
    {
      "crowdTypeID": 456,
      "animConfigID": 3,
      "spawnPosition": {
        "x": -2088.06103515625,
        "y": 249.18829345703125,
        "z": 8415.9833984375
      },
      "spawnFaceFwd": {
        "x": -0.984180212020874,
        "z": 0.17717039585113525
      },
      "hairColor": {
        "r": 0.25882354378700256,
        "g": 0.25882354378700256,
        "b": 0.25882354378700256,
        "a": 1.0
      },
      "bodyColors": [
        {
          "r": 0.9058823585510254,
          "g": 0.7882353067398071,
          "b": 0.7333333492279053,
          "a": 1.0
        },
        {
          "r": 0.8196078538894653,
          "g": 0.7882353067398071,
          "b": 0.7450980544090271,
          "a": 1.0
        },
        {
          "r": 0.47843137383461,
          "g": 0.5490196347236633,
          "b": 0.3294117748737335,
          "a": 1.0
        },
        {
          "r": 0.3294117748737335,
          "g": 0.3294117748737335,
          "b": 0.20392157137393951,
          "a": 1.0
        }
      ],
      "instanceId": 10030
    },
    {
      "crowdTypeID": 435,
      "animConfigID": 5,
      "spawnPosition": {
        "x": -2086.720947265625,
        "y": 249.1676025390625,
        "z": 8426.015625
      },
      "spawnFaceFwd": {
        "x": -0.7608240246772766,
        "z": -0.6489583253860474
      },
      "hairColor": {
        "r": 0.25882354378700256,
        "g": 0.25882354378700256,
        "b": 0.25882354378700256,
        "a": 1.0
      },
      "bodyColors": [
        {
          "r": 0.9058823585510254,
          "g": 0.7882353067398071,
          "b": 0.7333333492279053,
          "a": 1.0
        },
        {
          "r": 0.7960784435272217,
          "g": 0.7490196228027344,
          "b": 0.6941176652908325,
          "a": 1.0
        },
        {
          "r": 0.5058823823928833,
          "g": 0.43921568989753723,
          "b": 0.5607843399047852,
          "a": 1.0
        },
        {
          "r": 0.30980393290519714,
          "g": 0.24705882370471954,
          "b": 0.34117648005485535,
          "a": 1.0
        }
      ],
      "instanceId": 10031
    },
    {
      "crowdTypeID": 462,
      "animConfigID": 1,
      "spawnPosition": {
        "x": -2087.68994140625,
        "y": 249.16749572753906,
        "z": 8425.5224609375
      },
      "spawnFaceFwd": {
        "x": 0.9720855355262756,
        "z": 0.23462659120559692
      },
      "hairColor": {
        "r": 0.32156863808631897,
        "g": 0.21568627655506134,
        "b": 0.18039216101169586,
        "a": 1.0
      },
      "bodyColors": [
        {
          "r": 0.9058823585510254,
          "g": 0.7882353067398071,
          "b": 0.7333333492279053,
          "a": 1.0
        },
        {
          "r": 0.47843137383461,
          "g": 0.5490196347236633,
          "b": 0.3294117748737335,
          "a": 1.0
        },
        {
          "r": 0.8196078538894653,
          "g": 0.7882353067398071,
          "b": 0.7450980544090271,
          "a": 1.0
        },
        {
          "r": 0.3294117748737335,
          "g": 0.3294117748737335,
          "b": 0.20392157137393951,
          "a": 1.0
        }
      ],
      "instanceId": 10032
    },
    {
      "crowdTypeID": 437,
      "spawnPosition": {
        "x": -2083.14306640625,
        "y": 243.9949951171875,
        "z": 8441.19921875
      },
      "spawnFaceFwd": {
        "x": -0.4842538833618164,
        "z": 0.8749275207519531
      },
      "hairColor": {
        "r": 0.5215686559677124,
        "g": 0.40392157435417175,
        "b": 0.2549019753932953,
        "a": 1.0
      },
      "bodyColors": [
        {
          "r": 0.7921568751335144,
          "g": 0.6549019813537598,
          "b": 0.5843137502670288,
          "a": 1.0
        },
        {
          "r": 0.8196078538894653,
          "g": 0.7882353067398071,
          "b": 0.7450980544090271,
          "a": 1.0
        },
        {
          "r": 0.47843137383461,
          "g": 0.5490196347236633,
          "b": 0.3294117748737335,
          "a": 1.0
        },
        {
          "r": 0.3294117748737335,
          "g": 0.3294117748737335,
          "b": 0.20392157137393951,
          "a": 1.0
        }
      ],
      "instanceId": 10037
    }
  ]
}