{
  "crowdSpawnInfos": [
    {
      "crowdTypeID": 403,
      "animConfigID": 1,
      "spawnPosition": {
        "x": -1257.5450439453125,
        "y": 280.17010498046875,
        "z": 9601.1396484375
      },
      "spawnFaceFwd": {
        "x": -0.9702785611152649,
        "z": 0.2419908046722412
      },
      "hairColor": {
        "r": 0.5215686559677124,
        "g": 0.40392157435417175,
        "b": 0.2549019753932953,
        "a": 1.0
      },
      "bodyColors": [
        {
          "r": 0.9058823585510254,
          "g": 0.7882353067398071,
          "b": 0.7333333492279053,
          "a": 1.0
        },
        {
          "r": 0.8313725590705872,
          "g": 0.7490196228027344,
          "b": 0.7372549176216125,
          "a": 1.0
        },
        {
          "r": 0.7019608020782471,
          "g": 0.49803921580314636,
          "b": 0.4117647111415863,
          "a": 1.0
        },
        {
          "r": 0.34117648005485535,
          "g": 0.1921568661928177,
          "b": 0.1882352977991104,
          "a": 1.0
        }
      ],
      "instanceId": 20001
    },
    {
      "crowdTypeID": 418,
      "animConfigID": 1,
      "spawnPosition": {
        "x": -1258.633056640625,
        "y": 280.1929931640625,
        "z": 9601.3056640625
      },
      "spawnFaceFwd": {
        "x": 0.9826714396476746,
        "z": -0.1853562593460083
      },
      "hairColor": {
        "r": 0.32156863808631897,
        "g": 0.21568627655506134,
        "b": 0.18039216101169586,
        "a": 1.0
      },
      "bodyColors": [
        {
          "r": 0.7921568751335144,
          "g": 0.6549019813537598,
          "b": 0.5843137502670288,
          "a": 1.0
        },
        {
          "r": 0.8196078538894653,
          "g": 0.7568627595901489,
          "b": 0.729411780834198,
          "a": 1.0
        },
        {
          "r": 0.6509804129600525,
          "g": 0.364705890417099,
          "b": 0.3450980484485626,
          "a": 1.0
        },
        {
          "r": 0.47058823704719543,
          "g": 0.33725491166114807,
          "b": 0.3176470696926117,
          "a": 1.0
        }
      ],
      "instanceId": 20002
    },
    {
      "crowdTypeID": 458,
      "animConfigID": 2,
      "spawnPosition": {
        "x": -1281.4610595703125,
        "y": 279.9018859863281,
        "z": 9615.4404296875
      },
      "spawnFaceFwd": {
        "x": 0.13485237956047058,
        "z": 0.9908657073974609
      },
      "sitOnChair": true,
      "hairColor": {
        "r": 0.29019609093666077,
        "g": 0.3176470696926117,
        "b": 0.3529411852359772,
        "a": 1.0
      },
      "bodyColors": [
        {
          "r": 0.9058823585510254,
          "g": 0.7882353067398071,
          "b": 0.7333333492279053,
          "a": 1.0
        },
        {
          "r": 0.47058823704719543,
          "g": 0.33725491166114807,
          "b": 0.3176470696926117,
          "a": 1.0
        },
        {
          "r": 0.6509804129600525,
          "g": 0.364705890417099,
          "b": 0.3450980484485626,
          "a": 1.0
        },
        {
          "r": 0.8196078538894653,
          "g": 0.7568627595901489,
          "b": 0.729411780834198,
          "a": 1.0
        }
      ],
      "instanceId": 20003
    },
    {
      "crowdTypeID": 434,
      "spawnPosition": {
        "x": -1280.7340087890625,
        "y": 280.40899658203125,
        "z": 9615.3623046875
      },
      "spawnFaceFwd": {
        "x": -0.736558735370636,
        "y": -1.1826099921563582e-07,
        "z": 0.6763735413551331
      },
      "hairColor": {
        "r": 0.25882354378700256,
        "g": 0.25882354378700256,
        "b": 0.25882354378700256,
        "a": 1.0
      },
      "bodyColors": [
        {
          "r": 0.7921568751335144,
          "g": 0.6549019813537598,
          "b": 0.5843137502670288,
          "a": 1.0
        },
        {
          "r": 0.8313725590705872,
          "g": 0.7490196228027344,
          "b": 0.7372549176216125,
          "a": 1.0
        },
        {
          "r": 0.7019608020782471,
          "g": 0.49803921580314636,
          "b": 0.4117647111415863,
          "a": 1.0
        },
        {
          "r": 0.34117648005485535,
          "g": 0.1921568661928177,
          "b": 0.1882352977991104,
          "a": 1.0
        }
      ],
      "instanceId": 20004
    },
    {
      "crowdTypeID": 417,
      "animConfigID": 3,
      "spawnPosition": {
        "x": -1268.5899658203125,
        "y": 280.1820983886719,
        "z": 9596.421875
      },
      "spawnFaceFwd": {
        "x": -0.5238163471221924,
        "z": -0.851831316947937
      },
      "hairColor": {
        "r": 0.32156863808631897,
        "g": 0.21568627655506134,
        "b": 0.18039216101169586,
        "a": 1.0
      },
      "bodyColors": [
        {
          "r": 0.9058823585510254,
          "g": 0.7882353067398071,
          "b": 0.7333333492279053,
          "a": 1.0
        },
        {
          "r": 0.6901960968971252,
          "g": 0.7098039388656616,
          "b": 0.686274528503418,
          "a": 1.0
        },
        {
          "r": 0.47058823704719543,
          "g": 0.5960784554481506,
          "b": 0.40392157435417175,
          "a": 1.0
        },
        {
          "r": 0.2705882489681244,
          "g": 0.32549020648002625,
          "b": 0.33725491166114807,
          "a": 1.0
        }
      ],
      "instanceId": 20005
    },
    {
      "crowdTypeID": 414,
      "animConfigID": 4,
      "spawnPosition": {
        "x": -1262.7540283203125,
        "y": 294.3380126953125,
        "z": 9594.9716796875
      },
      "spawnFaceFwd": {
        "x": -0.47786712646484375,
        "y": 0.19020389020442963,
        "z": -0.8575928807258606
      },
      "hairColor": {
        "r": 0.5215686559677124,
        "g": 0.40392157435417175,
        "b": 0.2549019753932953,
        "a": 1.0
      },
      "bodyColors": [
        {
          "r": 0.7921568751335144,
          "g": 0.6549019813537598,
          "b": 0.5843137502670288,
          "a": 1.0
        },
        {
          "r": 0.8313725590705872,
          "g": 0.7490196228027344,
          "b": 0.7372549176216125,
          "a": 1.0
        },
        {
          "r": 0.7019608020782471,
          "g": 0.49803921580314636,
          "b": 0.4117647111415863,
          "a": 1.0
        },
        {
          "r": 0.34117648005485535,
          "g": 0.1921568661928177,
          "b": 0.1882352977991104,
          "a": 1.0
        }
      ],
      "instanceId": 20007
    },
    {
      "crowdTypeID": 418,
      "animConfigID": 14,
      "spawnPosition": {
        "x": -1263.7340087890625,
        "y": 294.42498779296875,
        "z": 9593.556640625
      },
      "spawnFaceFwd": {
        "x": 0.5508930087089539,
        "z": 0.834575891494751
      },
      "hairColor": {
        "r": 0.25882354378700256,
        "g": 0.25882354378700256,
        "b": 0.25882354378700256,
        "a": 1.0
      },
      "bodyColors": [
        {
          "r": 0.9058823585510254,
          "g": 0.7882353067398071,
          "b": 0.7333333492279053,
          "a": 1.0
        },
        {
          "r": 0.772549033164978,
          "g": 0.8235294222831726,
          "b": 0.8823529481887817,
          "a": 1.0
        },
        {
          "r": 0.4117647111415863,
          "g": 0.5490196347236633,
          "b": 0.6823529601097107,
          "a": 1.0
        },
        {
          "r": 0.2705882489681244,
          "g": 0.27843138575553894,
          "b": 0.364705890417099,
          "a": 1.0
        }
      ],
      "instanceId": 20008
    },
    {
      "crowdTypeID": 446,
      "animConfigID": 2,
      "spawnPosition": {
        "x": -1240.2020263671875,
        "y": 294.1841125488281,
        "z": 9589.55859375
      },
      "spawnFaceFwd": {
        "x": 0.854217529296875,
        "z": -0.5199158191680908
      },
      "hairColor": {
        "r": 0.4274509847164154,
        "g": 0.37254902720451355,
        "b": 0.3019607961177826,
        "a": 1.0
      },
      "bodyColors": [
        {
          "r": 0.7921568751335144,
          "g": 0.6549019813537598,
          "b": 0.5843137502670288,
          "a": 1.0
        },
        {
          "r": 0.8313725590705872,
          "g": 0.7490196228027344,
          "b": 0.7372549176216125,
          "a": 1.0
        },
        {
          "r": 0.7019608020782471,
          "g": 0.49803921580314636,
          "b": 0.4117647111415863,
          "a": 1.0
        },
        {
          "r": 0.34117648005485535,
          "g": 0.1921568661928177,
          "b": 0.1882352977991104,
          "a": 1.0
        }
      ],
      "instanceId": 20009
    },
    {
      "crowdTypeID": 417,
      "animConfigID": 11,
      "spawnPosition": {
        "x": -1240.9599609375,
        "y": 294.1877136230469,
        "z": 9588.3291015625
      },
      "spawnFaceFwd": {
        "x": 0.9143472909927368,
        "z": -0.4049309492111206
      },
      "hairColor": {
        "r": 0.3960784375667572,
        "g": 0.27843138575553894,
        "b": 0.1882352977991104,
        "a": 1.0
      },
      "bodyColors": [
        {
          "r": 0.9058823585510254,
          "g": 0.7882353067398071,
          "b": 0.7333333492279053,
          "a": 1.0
        },
        {
          "r": 0.47058823704719543,
          "g": 0.33725491166114807,
          "b": 0.3176470696926117,
          "a": 1.0
        },
        {
          "r": 0.6509804129600525,
          "g": 0.364705890417099,
          "b": 0.3450980484485626,
          "a": 1.0
        },
        {
          "r": 0.8196078538894653,
          "g": 0.7568627595901489,
          "b": 0.729411780834198,
          "a": 1.0
        }
      ],
      "instanceId": 20010
    },
    {
      "crowdTypeID": 421,
      "spawnPosition": {
        "x": -1251.1700439453125,
        "y": 297.2944030761719,
        "z": 9592.2099609375
      },
      "spawnFaceFwd": {
        "x": 0.949363112449646,
        "z": 0.31418097019195557
      },
      "hairColor": {
        "r": 0.8392156958580017,
        "g": 0.8392156958580017,
        "b": 0.8392156958580017,
        "a": 1.0
      },
      "bodyColors": [
        {
          "r": 0.9058823585510254,
          "g": 0.7882353067398071,
          "b": 0.7333333492279053,
          "a": 1.0
        },
        {
          "r": 0.8313725590705872,
          "g": 0.7490196228027344,
          "b": 0.7372549176216125,
          "a": 1.0
        },
        {
          "r": 0.7019608020782471,
          "g": 0.49803921580314636,
          "b": 0.4117647111415863,
          "a": 1.0
        },
        {
          "r": 0.34117648005485535,
          "g": 0.1921568661928177,
          "b": 0.1882352977991104,
          "a": 1.0
        }
      ],
      "instanceId": 20011
    },
    {
      "crowdTypeID": 478,
      "animConfigID": 1,
      "spawnPosition": {
        "x": -1258.822021484375,
        "y": 297.05621337890625,
        "z": 9563.587890625
      },
      "spawnFaceFwd": {
        "x": -0.5611432194709778,
        "z": 0.8277187347412109
      },
      "hairColor": {
        "r": 0.25882354378700256,
        "g": 0.25882354378700256,
        "b": 0.25882354378700256,
        "a": 1.0
      },
      "bodyColors": [
        {
          "r": 0.9058823585510254,
          "g": 0.7882353067398071,
          "b": 0.7333333492279053,
          "a": 1.0
        },
        {
          "r": 0.8313725590705872,
          "g": 0.7490196228027344,
          "b": 0.7372549176216125,
          "a": 1.0
        },
        {
          "r": 0.7019608020782471,
          "g": 0.49803921580314636,
          "b": 0.4117647111415863,
          "a": 1.0
        },
        {
          "r": 0.34117648005485535,
          "g": 0.1921568661928177,
          "b": 0.1882352977991104,
          "a": 1.0
        }
      ],
      "instanceId": 20012
    },
    {
      "crowdTypeID": 444,
      "animConfigID": 1,
      "spawnPosition": {
        "x": -1251.071044921875,
        "y": 297.1471862792969,
        "z": 9556.037109375
      },
      "spawnFaceFwd": {
        "x": 0.4093892276287079,
        "y": 0.03518553078174591,
        "z": -0.9116811752319336
      },
      "hairColor": {
        "r": 0.5215686559677124,
        "g": 0.40392157435417175,
        "b": 0.2549019753932953,
        "a": 1.0
      },
      "bodyColors": [
        {
          "r": 0.9058823585510254,
          "g": 0.7882353067398071,
          "b": 0.7333333492279053,
          "a": 1.0
        },
        {
          "r": 0.8196078538894653,
          "g": 0.7882353067398071,
          "b": 0.7450980544090271,
          "a": 1.0
        },
        {
          "r": 0.47843137383461,
          "g": 0.5490196347236633,
          "b": 0.3294117748737335,
          "a": 1.0
        },
        {
          "r": 0.3294117748737335,
          "g": 0.3294117748737335,
          "b": 0.20392157137393951,
          "a": 1.0
        }
      ],
      "instanceId": 20013
    },
    {
      "crowdTypeID": 485,
      "spawnPosition": {
        "x": -1238.571044921875,
        "y": 299.6518859863281,
        "z": 9562.30078125
      },
      "spawnFaceFwd": {
        "x": -0.9429702162742615,
        "z": 0.33287709951400757
      },
      "hairColor": {
        "r": 0.4274509847164154,
        "g": 0.37254902720451355,
        "b": 0.3019607961177826,
        "a": 1.0
      },
      "bodyColors": [
        {
          "r": 0.7921568751335144,
          "g": 0.6549019813537598,
          "b": 0.5843137502670288,
          "a": 1.0
        },
        {
          "r": 0.47058823704719543,
          "g": 0.33725491166114807,
          "b": 0.3176470696926117,
          "a": 1.0
        },
        {
          "r": 0.6509804129600525,
          "g": 0.364705890417099,
          "b": 0.3450980484485626,
          "a": 1.0
        },
        {
          "r": 0.8196078538894653,
          "g": 0.7568627595901489,
          "b": 0.729411780834198,
          "a": 1.0
        }
      ],
      "instanceId": 20015
    },
    {
      "crowdTypeID": 443,
      "animConfigID": 3,
      "spawnPosition": {
        "x": -1239.760009765625,
        "y": 299.6518859863281,
        "z": 9562.759765625
      },
      "spawnFaceFwd": {
        "x": 0.9622180461883545,
        "z": -0.272280216217041
      },
      "hairColor": {
        "r": 0.5215686559677124,
        "g": 0.40392157435417175,
        "b": 0.2549019753932953,
        "a": 1.0
      },
      "bodyColors": [
        {
          "r": 0.7921568751335144,
          "g": 0.6549019813537598,
          "b": 0.5843137502670288,
          "a": 1.0
        },
        {
          "r": 0.8196078538894653,
          "g": 0.6392157077789307,
          "b": 0.7411764860153198,
          "a": 1.0
        },
        {
          "r": 0.5176470875740051,
          "g": 0.4000000059604645,
          "b": 0.5960784554481506,
          "a": 1.0
        },
        {
          "r": 0.2862745225429535,
          "g": 0.19607843458652496,
          "b": 0.30980393290519714,
          "a": 1.0
        }
      ],
      "instanceId": 20016
    },
    {
      "crowdTypeID": 417,
      "animConfigID": 2,
      "spawnPosition": {
        "x": -1214.093017578125,
        "y": 297.1368103027344,
        "z": 9548.5673828125
      },
      "spawnFaceFwd": {
        "x": 0.9950591921806335,
        "z": 0.09928327798843384
      },
      "hairColor": {
        "r": 0.32156863808631897,
        "g": 0.21568627655506134,
        "b": 0.18039216101169586,
        "a": 1.0
      },
      "bodyColors": [
        {
          "r": 0.9058823585510254,
          "g": 0.7882353067398071,
          "b": 0.7333333492279053,
          "a": 1.0
        },
        {
          "r": 0.3450980484485626,
          "g": 0.2980392277240753,
          "b": 0.23529411852359772,
          "a": 1.0
        },
        {
          "r": 0.47843137383461,
          "g": 0.32156863808631897,
          "b": 0.2078431397676468,
          "a": 1.0
        },
        {
          "r": 0.7333333492279053,
          "g": 0.5882353186607361,
          "b": 0.3803921639919281,
          "a": 1.0
        }
      ],
      "instanceId": 20017
    },
    {
      "crowdTypeID": 461,
      "animConfigID": 2,
      "spawnPosition": {
        "x": -1219.0159912109375,
        "y": 301.81170654296875,
        "z": 9525.46484375
      },
      "spawnFaceFwd": {
        "x": -0.020096227526664734,
        "z": -0.999798059463501
      },
      "sitOnChair": true,
      "hairColor": {
        "r": 0.5215686559677124,
        "g": 0.40392157435417175,
        "b": 0.2549019753932953,
        "a": 1.0
      },
      "bodyColors": [
        {
          "r": 0.9058823585510254,
          "g": 0.7882353067398071,
          "b": 0.7333333492279053,
          "a": 1.0
        },
        {
          "r": 0.47058823704719543,
          "g": 0.33725491166114807,
          "b": 0.3176470696926117,
          "a": 1.0
        },
        {
          "r": 0.6509804129600525,
          "g": 0.364705890417099,
          "b": 0.3450980484485626,
          "a": 1.0
        },
        {
          "r": 0.8196078538894653,
          "g": 0.7568627595901489,
          "b": 0.729411780834198,
          "a": 1.0
        }
      ],
      "instanceId": 20018
    },
    {
      "crowdTypeID": 409,
      "animConfigID": 2,
      "spawnPosition": {
        "x": -1219.2889404296875,
        "y": 301.0903015136719,
        "z": 9524.458984375
      },
      "spawnFaceFwd": {
        "x": 0.42926764488220215,
        "z": 0.9031773209571838
      },
      "hairColor": {
        "r": 0.5215686559677124,
        "g": 0.40392157435417175,
        "b": 0.2549019753932953,
        "a": 1.0
      },
      "bodyColors": [
        {
          "r": 0.9058823585510254,
          "g": 0.7882353067398071,
          "b": 0.7333333492279053,
          "a": 1.0
        },
        {
          "r": 0.8313725590705872,
          "g": 0.7490196228027344,
          "b": 0.7372549176216125,
          "a": 1.0
        },
        {
          "r": 0.7019608020782471,
          "g": 0.49803921580314636,
          "b": 0.4117647111415863,
          "a": 1.0
        },
        {
          "r": 0.34117648005485535,
          "g": 0.1921568661928177,
          "b": 0.1882352977991104,
          "a": 1.0
        }
      ],
      "instanceId": 20019
    },
    {
      "crowdTypeID": 418,
      "animConfigID": 2,
      "spawnPosition": {
        "x": -1219.886962890625,
        "y": 301.0002136230469,
        "z": 9514.68359375
      },
      "spawnFaceFwd": {
        "x": -0.8453299403190613,
        "z": 0.5342446565628052
      },
      "hairColor": {
        "r": 0.25882354378700256,
        "g": 0.25882354378700256,
        "b": 0.25882354378700256,
        "a": 1.0
      },
      "bodyColors": [
        {
          "r": 0.9058823585510254,
          "g": 0.7882353067398071,
          "b": 0.7333333492279053,
          "a": 1.0
        },
        {
          "r": 0.6313725709915161,
          "g": 0.7686274647712708,
          "b": 0.7372549176216125,
          "a": 1.0
        },
        {
          "r": 0.2980392277240753,
          "g": 0.4901960790157318,
          "b": 0.5803921818733215,
          "a": 1.0
        },
        {
          "r": 0.21176470816135406,
          "g": 0.32549020648002625,
          "b": 0.3803921639919281,
          "a": 1.0
        }
      ],
      "instanceId": 20020
    },
    {
      "crowdTypeID": 400,
      "animConfigID": 2,
      "spawnPosition": {
        "x": -1219.220947265625,
        "y": 300.9383850097656,
        "z": 9515.3720703125
      },
      "spawnFaceFwd": {
        "x": -0.9851459264755249,
        "z": -0.17171919345855713
      },
      "hairColor": {
        "r": 0.5215686559677124,
        "g": 0.40392157435417175,
        "b": 0.2549019753932953,
        "a": 1.0
      },
      "bodyColors": [
        {
          "r": 0.9058823585510254,
          "g": 0.7882353067398071,
          "b": 0.7333333492279053,
          "a": 1.0
        },
        {
          "r": 0.8196078538894653,
          "g": 0.7568627595901489,
          "b": 0.729411780834198,
          "a": 1.0
        },
        {
          "r": 0.6509804129600525,
          "g": 0.364705890417099,
          "b": 0.3450980484485626,
          "a": 1.0
        },
        {
          "r": 0.47058823704719543,
          "g": 0.33725491166114807,
          "b": 0.3176470696926117,
          "a": 1.0
        }
      ],
      "instanceId": 20021
    },
    {
      "crowdTypeID": 456,
      "animConfigID": 2,
      "spawnPosition": {
        "x": -1236.2039794921875,
        "y": 303.7160949707031,
        "z": 9485.1884765625
      },
      "spawnFaceFwd": {
        "x": -0.37229275703430176,
        "z": 0.9281153678894043
      },
      "sitOnChair": true,
      "hairColor": {
        "r": 0.32156863808631897,
        "g": 0.21568627655506134,
        "b": 0.18039216101169586,
        "a": 1.0
      },
      "bodyColors": [
        {
          "r": 0.9058823585510254,
          "g": 0.7882353067398071,
          "b": 0.7333333492279053,
          "a": 1.0
        },
        {
          "r": 0.47058823704719543,
          "g": 0.33725491166114807,
          "b": 0.3176470696926117,
          "a": 1.0
        },
        {
          "r": 0.6509804129600525,
          "g": 0.364705890417099,
          "b": 0.3450980484485626,
          "a": 1.0
        },
        {
          "r": 0.8196078538894653,
          "g": 0.7568627595901489,
          "b": 0.729411780834198,
          "a": 1.0
        }
      ],
      "instanceId": 20022
    },
    {
      "crowdTypeID": 418,
      "animConfigID": 5,
      "spawnPosition": {
        "x": -1235.468994140625,
        "y": 303.7567138671875,
        "z": 9485.806640625
      },
      "spawnFaceFwd": {
        "x": -0.7478142380714417,
        "z": -0.6639081239700317
      },
      "hairColor": {
        "r": 0.32156863808631897,
        "g": 0.21568627655506134,
        "b": 0.18039216101169586,
        "a": 1.0
      },
      "bodyColors": [
        {
          "r": 0.7921568751335144,
          "g": 0.6549019813537598,
          "b": 0.5843137502670288,
          "a": 1.0
        },
        {
          "r": 0.8313725590705872,
          "g": 0.7490196228027344,
          "b": 0.7372549176216125,
          "a": 1.0
        },
        {
          "r": 0.7019608020782471,
          "g": 0.49803921580314636,
          "b": 0.4117647111415863,
          "a": 1.0
        },
        {
          "r": 0.34117648005485535,
          "g": 0.1921568661928177,
          "b": 0.1882352977991104,
          "a": 1.0
        }
      ],
      "instanceId": 20023
    },
    {
      "crowdTypeID": 435,
      "animConfigID": 4,
      "spawnPosition": {
        "x": -1235.251953125,
        "y": 309.2038879394531,
        "z": 9470.478515625
      },
      "spawnFaceFwd": {
        "x": 0.8639485239982605,
        "z": 0.5035800933837891
      },
      "hairColor": {
        "r": 0.4274509847164154,
        "g": 0.37254902720451355,
        "b": 0.3019607961177826,
        "a": 1.0
      },
      "bodyColors": [
        {
          "r": 0.7921568751335144,
          "g": 0.6549019813537598,
          "b": 0.5843137502670288,
          "a": 1.0
        },
        {
          "r": 0.8313725590705872,
          "g": 0.7490196228027344,
          "b": 0.7372549176216125,
          "a": 1.0
        },
        {
          "r": 0.7019608020782471,
          "g": 0.49803921580314636,
          "b": 0.4117647111415863,
          "a": 1.0
        },
        {
          "r": 0.34117648005485535,
          "g": 0.1921568661928177,
          "b": 0.1882352977991104,
          "a": 1.0
        }
      ],
      "instanceId": 20024
    },
    {
      "crowdTypeID": 418,
      "animConfigID": 2,
      "spawnPosition": {
        "x": -1225.970947265625,
        "y": 306.2673034667969,
        "z": 9454.1328125
      },
      "spawnFaceFwd": {
        "x": 0.6270933151245117,
        "z": -0.7789441347122192
      },
      "hairColor": {
        "r": 0.5215686559677124,
        "g": 0.40392157435417175,
        "b": 0.2549019753932953,
        "a": 1.0
      },
      "bodyColors": [
        {
          "r": 0.7921568751335144,
          "g": 0.6549019813537598,
          "b": 0.5843137502670288,
          "a": 1.0
        },
        {
          "r": 0.6901960968971252,
          "g": 0.7098039388656616,
          "b": 0.686274528503418,
          "a": 1.0
        },
        {
          "r": 0.47058823704719543,
          "g": 0.5960784554481506,
          "b": 0.40392157435417175,
          "a": 1.0
        },
        {
          "r": 0.2705882489681244,
          "g": 0.32549020648002625,
          "b": 0.33725491166114807,
          "a": 1.0
        }
      ],
      "instanceId": 20025
    },
    {
      "crowdTypeID": 447,
      "animConfigID": 2,
      "spawnPosition": {
        "x": -1188.0260009765625,
        "y": 306.1333923339844,
        "z": 9471.8134765625
      },
      "spawnFaceFwd": {
        "x": -0.5445585250854492,
        "z": 0.838722825050354
      },
      "hairColor": {
        "r": 0.32156863808631897,
        "g": 0.21568627655506134,
        "b": 0.18039216101169586,
        "a": 1.0
      },
      "bodyColors": [
        {
          "r": 0.7921568751335144,
          "g": 0.6549019813537598,
          "b": 0.5843137502670288,
          "a": 1.0
        },
        {
          "r": 0.8313725590705872,
          "g": 0.7490196228027344,
          "b": 0.7372549176216125,
          "a": 1.0
        },
        {
          "r": 0.7019608020782471,
          "g": 0.49803921580314636,
          "b": 0.4117647111415863,
          "a": 1.0
        },
        {
          "r": 0.34117648005485535,
          "g": 0.1921568661928177,
          "b": 0.1882352977991104,
          "a": 1.0
        }
      ],
      "instanceId": 20026
    },
    {
      "crowdTypeID": 433,
      "animConfigID": 3,
      "spawnPosition": {
        "x": -1193.739013671875,
        "y": 303.2043151855469,
        "z": 9487.4814453125
      },
      "spawnFaceFwd": {
        "x": -0.534457266330719,
        "z": 0.845195472240448
      },
      "hairColor": {
        "r": 0.5215686559677124,
        "g": 0.40392157435417175,
        "b": 0.2549019753932953,
        "a": 1.0
      },
      "bodyColors": [
        {
          "r": 0.9058823585510254,
          "g": 0.7882353067398071,
          "b": 0.7333333492279053,
          "a": 1.0
        },
        {
          "r": 0.8352941274642944,
          "g": 0.8705882430076599,
          "b": 0.8901960849761963,
          "a": 1.0
        },
        {
          "r": 0.37254902720451355,
          "g": 0.5843137502670288,
          "b": 0.6196078658103943,
          "a": 1.0
        },
        {
          "r": 0.1568627506494522,
          "g": 0.23137255012989044,
          "b": 0.2705882489681244,
          "a": 1.0
        }
      ],
      "instanceId": 20027
    },
    {
      "crowdTypeID": 400,
      "animConfigID": 2,
      "spawnPosition": {
        "x": -1194.0579833984375,
        "y": 303.2043151855469,
        "z": 9489.52734375
      },
      "spawnFaceFwd": {
        "x": -0.6382853984832764,
        "z": -0.7697997093200684
      },
      "hairColor": {
        "r": 0.29019609093666077,
        "g": 0.3176470696926117,
        "b": 0.3529411852359772,
        "a": 1.0
      },
      "bodyColors": [
        {
          "r": 0.9058823585510254,
          "g": 0.7882353067398071,
          "b": 0.7333333492279053,
          "a": 1.0
        },
        {
          "r": 0.8196078538894653,
          "g": 0.7568627595901489,
          "b": 0.729411780834198,
          "a": 1.0
        },
        {
          "r": 0.6509804129600525,
          "g": 0.364705890417099,
          "b": 0.3450980484485626,
          "a": 1.0
        },
        {
          "r": 0.47058823704719543,
          "g": 0.33725491166114807,
          "b": 0.3176470696926117,
          "a": 1.0
        }
      ],
      "instanceId": 20028
    },
    {
      "crowdTypeID": 415,
      "animConfigID": 4,
      "spawnPosition": {
        "x": -1195.7509765625,
        "y": 303.1791076660156,
        "z": 9488.69921875
      },
      "spawnFaceFwd": {
        "x": 0.9765153527259827,
        "y": 0.17230898141860962,
        "z": 0.12933412194252014
      },
      "hairColor": {
        "r": 0.32156863808631897,
        "g": 0.21568627655506134,
        "b": 0.18039216101169586,
        "a": 1.0
      },
      "bodyColors": [
        {
          "r": 0.9058823585510254,
          "g": 0.7882353067398071,
          "b": 0.7333333492279053,
          "a": 1.0
        },
        {
          "r": 0.3450980484485626,
          "g": 0.2980392277240753,
          "b": 0.23529411852359772,
          "a": 1.0
        },
        {
          "r": 0.47843137383461,
          "g": 0.32156863808631897,
          "b": 0.2078431397676468,
          "a": 1.0
        },
        {
          "r": 0.7333333492279053,
          "g": 0.5882353186607361,
          "b": 0.3803921639919281,
          "a": 1.0
        }
      ],
      "instanceId": 20029
    },
    {
      "crowdTypeID": 414,
      "animConfigID": 1,
      "spawnPosition": {
        "x": -1197.0379638671875,
        "y": 303.2043151855469,
        "z": 9472.59765625
      },
      "spawnFaceFwd": {
        "x": 0.665761411190033,
        "z": 0.7461646795272827
      },
      "hairColor": {
        "r": 0.32156863808631897,
        "g": 0.21568627655506134,
        "b": 0.18039216101169586,
        "a": 1.0
      },
      "bodyColors": [
        {
          "r": 0.7921568751335144,
          "g": 0.6549019813537598,
          "b": 0.5843137502670288,
          "a": 1.0
        },
        {
          "r": 0.8196078538894653,
          "g": 0.7882353067398071,
          "b": 0.7450980544090271,
          "a": 1.0
        },
        {
          "r": 0.47843137383461,
          "g": 0.5490196347236633,
          "b": 0.3294117748737335,
          "a": 1.0
        },
        {
          "r": 0.3294117748737335,
          "g": 0.3294117748737335,
          "b": 0.20392157137393951,
          "a": 1.0
        }
      ],
      "instanceId": 20030
    },
    {
      "crowdTypeID": 420,
      "animConfigID": 1,
      "spawnPosition": {
        "x": -1195.9420166015625,
        "y": 303.2043151855469,
        "z": 9473.5732421875
      },
      "spawnFaceFwd": {
        "x": -0.7015798091888428,
        "z": -0.7125909328460693
      },
      "hairColor": {
        "r": 0.3960784375667572,
        "g": 0.27843138575553894,
        "b": 0.1882352977991104,
        "a": 1.0
      },
      "bodyColors": [
        {
          "r": 0.9058823585510254,
          "g": 0.7882353067398071,
          "b": 0.7333333492279053,
          "a": 1.0
        },
        {
          "r": 0.8196078538894653,
          "g": 0.7568627595901489,
          "b": 0.729411780834198,
          "a": 1.0
        },
        {
          "r": 0.6509804129600525,
          "g": 0.364705890417099,
          "b": 0.3450980484485626,
          "a": 1.0
        },
        {
          "r": 0.47058823704719543,
          "g": 0.33725491166114807,
          "b": 0.3176470696926117,
          "a": 1.0
        }
      ],
      "instanceId": 20031
    },
    {
      "crowdTypeID": 470,
      "animConfigID": 2,
      "spawnPosition": {
        "x": -1210.9000244140625,
        "y": 303.2043151855469,
        "z": 9488.8798828125
      },
      "spawnFaceFwd": {
        "x": 0.8783749341964722,
        "z": 0.47797220945358276
      },
      "hairColor": {
        "r": 0.29019609093666077,
        "g": 0.3176470696926117,
        "b": 0.3529411852359772,
        "a": 1.0
      },
      "bodyColors": [
        {
          "r": 0.7921568751335144,
          "g": 0.6549019813537598,
          "b": 0.5843137502670288,
          "a": 1.0
        },
        {
          "r": 0.8627451062202454,
          "g": 0.8509804010391235,
          "b": 0.8156862854957581,
          "a": 1.0
        },
        {
          "r": 0.7764706015586853,
          "g": 0.6274510025978088,
          "b": 0.4313725531101227,
          "a": 1.0
        },
        {
          "r": 0.4901960790157318,
          "g": 0.3607843220233917,
          "b": 0.27450981736183167,
          "a": 1.0
        }
      ],
      "instanceId": 20032
    },
    {
      "crowdTypeID": 458,
      "animConfigID": 3,
      "spawnPosition": {
        "x": -1209.7540283203125,
        "y": 303.2043151855469,
        "z": 9489.26953125
      },
      "spawnFaceFwd": {
        "x": -0.9973800778388977,
        "z": 0.07234019041061401
      },
      "hairColor": {
        "r": 0.3960784375667572,
        "g": 0.27843138575553894,
        "b": 0.1882352977991104,
        "a": 1.0
      },
      "bodyColors": [
        {
          "r": 0.9058823585510254,
          "g": 0.7882353067398071,
          "b": 0.7333333492279053,
          "a": 1.0
        },
        {
          "r": 0.8313725590705872,
          "g": 0.7490196228027344,
          "b": 0.7372549176216125,
          "a": 1.0
        },
        {
          "r": 0.7019608020782471,
          "g": 0.49803921580314636,
          "b": 0.4117647111415863,
          "a": 1.0
        },
        {
          "r": 0.34117648005485535,
          "g": 0.1921568661928177,
          "b": 0.1882352977991104,
          "a": 1.0
        }
      ],
      "instanceId": 20033
    },
    {
      "crowdTypeID": 446,
      "animConfigID": 1,
      "spawnPosition": {
        "x": -1190.1419677734375,
        "y": 302.8564147949219,
        "z": 9508.2783203125
      },
      "spawnFaceFwd": {
        "x": 0.2415730059146881,
        "z": 0.9703826308250427
      },
      "hairColor": {
        "r": 0.25882354378700256,
        "g": 0.25882354378700256,
        "b": 0.25882354378700256,
        "a": 1.0
      },
      "bodyColors": [
        {
          "r": 0.7921568751335144,
          "g": 0.6549019813537598,
          "b": 0.5843137502670288,
          "a": 1.0
        },
        {
          "r": 0.8313725590705872,
          "g": 0.7490196228027344,
          "b": 0.7372549176216125,
          "a": 1.0
        },
        {
          "r": 0.7019608020782471,
          "g": 0.49803921580314636,
          "b": 0.4117647111415863,
          "a": 1.0
        },
        {
          "r": 0.34117648005485535,
          "g": 0.1921568661928177,
          "b": 0.1882352977991104,
          "a": 1.0
        }
      ],
      "instanceId": 20034
    },
    {
      "crowdTypeID": 417,
      "animConfigID": 3,
      "spawnPosition": {
        "x": -1185.010986328125,
        "y": 302.81390380859375,
        "z": 9506.423828125
      },
      "spawnFaceFwd": {
        "x": 0.6874767541885376,
        "z": 0.7262064218521118
      },
      "hairColor": {
        "r": 0.25882354378700256,
        "g": 0.25882354378700256,
        "b": 0.25882354378700256,
        "a": 1.0
      },
      "bodyColors": [
        {
          "r": 0.9058823585510254,
          "g": 0.7882353067398071,
          "b": 0.7333333492279053,
          "a": 1.0
        },
        {
          "r": 0.47058823704719543,
          "g": 0.33725491166114807,
          "b": 0.3176470696926117,
          "a": 1.0
        },
        {
          "r": 0.6509804129600525,
          "g": 0.364705890417099,
          "b": 0.3450980484485626,
          "a": 1.0
        },
        {
          "r": 0.8196078538894653,
          "g": 0.7568627595901489,
          "b": 0.729411780834198,
          "a": 1.0
        }
      ],
      "instanceId": 20035
    },
    {
      "crowdTypeID": 455,
      "animConfigID": 2,
      "spawnPosition": {
        "x": -1164.155029296875,
        "y": 306.1695861816406,
        "z": 9514.0263671875
      },
      "spawnFaceFwd": {
        "x": 0.849619448184967,
        "z": -0.5273963212966919
      },
      "sitOnChair": true,
      "hairColor": {
        "r": 0.3960784375667572,
        "g": 0.27843138575553894,
        "b": 0.1882352977991104,
        "a": 1.0
      },
      "bodyColors": [
        {
          "r": 0.9058823585510254,
          "g": 0.7882353067398071,
          "b": 0.7333333492279053,
          "a": 1.0
        },
        {
          "r": 0.8196078538894653,
          "g": 0.7568627595901489,
          "b": 0.729411780834198,
          "a": 1.0
        },
        {
          "r": 0.6509804129600525,
          "g": 0.364705890417099,
          "b": 0.3450980484485626,
          "a": 1.0
        },
        {
          "r": 0.47058823704719543,
          "g": 0.33725491166114807,
          "b": 0.3176470696926117,
          "a": 1.0
        }
      ],
      "instanceId": 20036
    },
    {
      "crowdTypeID": 457,
      "animConfigID": 1,
      "spawnPosition": {
        "x": -1139.9949951171875,
        "y": 312.2939147949219,
        "z": 9526.1416015625
      },
      "spawnFaceFwd": {
        "x": -0.936829149723053,
        "z": 0.3497873544692993
      },
      "hairColor": {
        "r": 0.5215686559677124,
        "g": 0.40392157435417175,
        "b": 0.2549019753932953,
        "a": 1.0
      },
      "bodyColors": [
        {
          "r": 0.9058823585510254,
          "g": 0.7882353067398071,
          "b": 0.7333333492279053,
          "a": 1.0
        },
        {
          "r": 0.7333333492279053,
          "g": 0.5882353186607361,
          "b": 0.3803921639919281,
          "a": 1.0
        },
        {
          "r": 0.47843137383461,
          "g": 0.32156863808631897,
          "b": 0.2078431397676468,
          "a": 1.0
        },
        {
          "r": 0.3450980484485626,
          "g": 0.2980392277240753,
          "b": 0.23529411852359772,
          "a": 1.0
        }
      ],
      "instanceId": 20037
    },
    {
      "crowdTypeID": 408,
      "animConfigID": 2,
      "spawnPosition": {
        "x": -1141.54296875,
        "y": 312.2912902832031,
        "z": 9526.404296875
      },
      "spawnFaceFwd": {
        "x": 0.9989851713180542,
        "z": -0.04504072666168213
      },
      "hairColor": {
        "r": 0.32156863808631897,
        "g": 0.21568627655506134,
        "b": 0.18039216101169586,
        "a": 1.0
      },
      "bodyColors": [
        {
          "r": 0.9058823585510254,
          "g": 0.7882353067398071,
          "b": 0.7333333492279053,
          "a": 1.0
        },
        {
          "r": 0.8196078538894653,
          "g": 0.7568627595901489,
          "b": 0.729411780834198,
          "a": 1.0
        },
        {
          "r": 0.6509804129600525,
          "g": 0.364705890417099,
          "b": 0.3450980484485626,
          "a": 1.0
        },
        {
          "r": 0.47058823704719543,
          "g": 0.33725491166114807,
          "b": 0.3176470696926117,
          "a": 1.0
        }
      ],
      "instanceId": 20038
    },
    {
      "crowdTypeID": 418,
      "animConfigID": 8,
      "spawnPosition": {
        "x": -1116.9010009765625,
        "y": 312.32440185546875,
        "z": 9525.67578125
      },
      "spawnFaceFwd": {
        "x": 0.414266437292099,
        "z": 0.9101556539535522
      },
      "hairColor": {
        "r": 0.32156863808631897,
        "g": 0.21568627655506134,
        "b": 0.18039216101169586,
        "a": 1.0
      },
      "bodyColors": [
        {
          "r": 0.9058823585510254,
          "g": 0.7882353067398071,
          "b": 0.7333333492279053,
          "a": 1.0
        },
        {
          "r": 0.8313725590705872,
          "g": 0.7490196228027344,
          "b": 0.7372549176216125,
          "a": 1.0
        },
        {
          "r": 0.7019608020782471,
          "g": 0.49803921580314636,
          "b": 0.4117647111415863,
          "a": 1.0
        },
        {
          "r": 0.34117648005485535,
          "g": 0.1921568661928177,
          "b": 0.1882352977991104,
          "a": 1.0
        }
      ],
      "instanceId": 20039
    },
    {
