{
    "crowdSpawnInfos": [
        {
            "crowdTypeID": 336,
            "animConfigID": 1,
            "spawnPosition": {
                "x": 3445.320068359375,
                "y": 441.4884033203125,
                "z": 4523.2080078125
            },
            "spawnFaceFwd": {
                "x": 0.9663909077644348,
                "z": -0.25707709789276123
            },
            "hairColor": {
                "r": 0.5215686559677124,
                "g": 0.40392157435417175,
                "b": 0.2549019753932953,
                "a": 1.0
            },
            "bodyColors": [
                {
                    "r": 1.0,
                    "g": 0.9137254953384399,
                    "b": 0.8627451062202454,
                    "a": 1.0
                },
                {
                    "r": 0.9450980424880981,
                    "g": 0.9333333373069763,
                    "b": 0.9372549057006836,
                    "a": 1.0
                },
                {
                    "r": 0.42352941632270813,
                    "g": 0.2666666805744171,
                    "b": 0.21960784494876862,
                    "a": 1.0
                },
                {
                    "r": 0.8117647171020508,
                    "g": 0.7176470756530762,
                    "b": 0.5568627715110779,
                    "a": 1.0
                }
            ],
            "instanceId": 40001
        },
        {
            "crowdTypeID": 345,
            "animConfigID": 4,
            "spawnPosition": {
                "x": 3445.389892578125,
                "y": 441.4884033203125,
                "z": 4524.12109375
            },
            "spawnFaceFwd": {
                "x": 0.9412408471107483,
                "z": -0.33773601055145264
            },
            "hairColor": {
                "r": 0.32156863808631897,
                "g": 0.21568627655506134,
                "b": 0.18039216101169586,
                "a": 1.0
            },
            "bodyColors": [
                {
                    "r": 0.9843137264251709,
                    "g": 0.8941176533699036,
                    "b": 0.8549019694328308,
                    "a": 1.0
                },
                {
                    "r": 0.6352941393852234,
                    "g": 0.6039215922355652,
                    "b": 0.4901960790157318,
                    "a": 1.0
                },
                {
                    "r": 0.8980392217636108,
                    "g": 0.8980392217636108,
                    "b": 0.8313725590705872,
                    "a": 1.0
                },
                {
                    "r": 0.11764705926179886,
                    "g": 0.29019609093666077,
                    "b": 0.2823529541492462,
                    "a": 1.0
                }
            ],
            "instanceId": 40002
        },
        {
            "crowdTypeID": 332,
            "animConfigID": 1,
            "spawnPosition": {
                "x": 3418.1650390625,
                "y": 449.5859069824219,
                "z": 4517.0498046875
            },
            "spawnFaceFwd": {
                "x": -0.6797243356704712,
                "z": 0.733467698097229
            },
            "hairColor": {
                "r": 0.4274509847164154,
                "g": 0.37254902720451355,
                "b": 0.3019607961177826,
                "a": 1.0
            },
            "bodyColors": [
                {
                    "r": 1.0,
                    "g": 0.9137254953384399,
                    "b": 0.8627451062202454,
                    "a": 1.0
                },
                {
                    "r": 0.9019607901573181,
                    "g": 0.8549019694328308,
                    "b": 0.8274509906768799,
                    "a": 1.0
                },
                {
                    "r": 0.34117648005485535,
                    "g": 0.4431372582912445,
                    "b": 0.5686274766921997,
                    "a": 1.0
                },
                {
                    "r": 0.4901960790157318,
                    "g": 0.6000000238418579,
                    "b": 0.6000000238418579,
                    "a": 1.0
                }
            ],
            "instanceId": 40005
        },
        {
            "crowdTypeID": 326,
            "animConfigID": 1,
            "spawnPosition": {
                "x": 3417.242919921875,
                "y": 449.5859069824219,
                "z": 4517.85498046875
            },
            "spawnFaceFwd": {
                "x": 0.7377169132232666,
                "z": -0.6751102209091187
            },
            "hairColor": {
                "r": 0.4274509847164154,
                "g": 0.37254902720451355,
                "b": 0.3019607961177826,
                "a": 1.0
            },
            "bodyColors": [
                {
                    "r": 1.0,
                    "g": 0.9137254953384399,
                    "b": 0.8627451062202454,
                    "a": 1.0
                },
                {
                    "r": 0.34117648005485535,
                    "g": 0.4431372582912445,
                    "b": 0.5686274766921997,
                    "a": 1.0
                },
                {
                    "r": 0.9019607901573181,
                    "g": 0.8549019694328308,
                    "b": 0.8274509906768799,
                    "a": 1.0
                },
                {
                    "r": 0.4901960790157318,
                    "g": 0.6000000238418579,
                    "b": 0.6000000238418579,
                    "a": 1.0
                }
            ],
            "instanceId": 40006
        },
        {
            "crowdTypeID": 366,
            "animConfigID": 2,
            "spawnPosition": {
                "x": 3408.76806640625,
                "y": 446.32940673828125,
                "z": 4542.96484375
            },
            "spawnFaceFwd": {
                "x": -0.9367367625236511,
                "z": 0.3500344753265381
            },
            "hairColor": {
                "r": 0.32156863808631897,
                "g": 0.21568627655506134,
                "b": 0.18039216101169586,
                "a": 1.0
            },
            "bodyColors": [
                {
                    "r": 1.0,
                    "g": 0.9137254953384399,
                    "b": 0.8627451062202454,
                    "a": 1.0
                },
                {
                    "r": 0.3176470696926117,
                    "g": 0.23529411852359772,
                    "b": 0.3176470696926117,
                    "a": 1.0
                },
                {
                    "r": 0.8549019694328308,
                    "g": 0.800000011920929,
                    "b": 0.7686274647712708,
                    "a": 1.0
                },
                {
                    "r": 0.6000000238418579,
                    "g": 0.5686274766921997,
                    "b": 0.658823549747467,
                    "a": 1.0
                }
            ],
            "instanceId": 40017
        },
        {
            "crowdTypeID": 367,
            "spawnPosition": {
                "x": 3408.751953125,
                "y": 446.32940673828125,
                "z": 4544.4482421875
            },
            "spawnFaceFwd": {
                "x": -0.9450910091400146,
                "z": -0.32680726051330566
            },
            "hairColor": {
                "r": 0.5215686559677124,
                "g": 0.40392157435417175,
                "b": 0.2549019753932953,
                "a": 1.0
            },
            "bodyColors": [
                {
                    "r": 1.0,
                    "g": 0.9137254953384399,
                    "b": 0.8627451062202454,
                    "a": 1.0
                },
                {
                    "r": 0.34117648005485535,
                    "g": 0.4431372582912445,
                    "b": 0.5686274766921997,
                    "a": 1.0
                },
                {
                    "r": 0.9019607901573181,
                    "g": 0.8549019694328308,
                    "b": 0.8274509906768799,
                    "a": 1.0
                },
                {
                    "r": 0.4901960790157318,
                    "g": 0.6000000238418579,
                    "b": 0.6000000238418579,
                    "a": 1.0
                }
            ],
            "instanceId": 40018
        },
        {
            "crowdTypeID": 334,
            "animConfigID": 4,
            "spawnPosition": {
                "x": 3521.72607421875,
                "y": 441.52508544921875,
                "z": 4458.14404296875
            },
            "spawnFaceFwd": {
                "x": -0.35590773820877075,
                "z": 0.9345210790634155
            },
            "hairColor": {
                "r": 0.3960784375667572,
                "g": 0.27843138575553894,
                "b": 0.1882352977991104,
                "a": 1.0
            },
            "bodyColors": [
                {
                    "r": 1.0,
                    "g": 0.9137254953384399,
                    "b": 0.8627451062202454,
                    "a": 1.0
                },
                {
                    "r": 0.7647058963775635,
                    "g": 0.7568627595901489,
                    "b": 0.6784313917160034,
                    "a": 1.0
                },
                {
                    "r": 0.3137255012989044,
                    "g": 0.42352941632270813,
                    "b": 0.4627451002597809,
                    "a": 1.0
                },
                {
                    "r": 0.20392157137393951,
                    "g": 0.16470588743686676,
                    "b": 0.27450981736183167,
                    "a": 1.0
                }
            ],
            "instanceId": 40019
        },
        {
            "crowdTypeID": 343,
            "animConfigID": 2,
            "spawnPosition": {
                "x": 3522.445068359375,
                "y": 441.5249938964844,
                "z": 4458.39892578125
            },
            "spawnFaceFwd": {
                "x": -0.6720230579376221,
                "z": 0.7405301928520203
            },
            "hairColor": {
                "r": 0.5215686559677124,
                "g": 0.40392157435417175,
                "b": 0.2549019753932953,
                "a": 1.0
            },
            "bodyColors": [
                {
                    "r": 0.9843137264251709,
                    "g": 0.8941176533699036,
                    "b": 0.8549019694328308,
                    "a": 1.0
                },
                {
                    "r": 0.6352941393852234,
                    "g": 0.6039215922355652,
                    "b": 0.4901960790157318,
                    "a": 1.0
                },
                {
                    "r": 0.8980392217636108,
                    "g": 0.8980392217636108,
                    "b": 0.8313725590705872,
                    "a": 1.0
                },
                {
                    "r": 0.11764705926179886,
                    "g": 0.29019609093666077,
                    "b": 0.2823529541492462,
                    "a": 1.0
                }
            ],
            "instanceId": 40020
        }
    ]
}