{
  "crowdSpawnInfos": [
    {
      "crowdTypeID": 405,
      "animConfigID": 1,
      "spawnPosition": {
        "x": -1916.6199951171875,
        "y": 63.1821403503418,
        "z": 9041.365234375
      },
      "spawnFaceFwd": {
        "x": 0.3264266550540924,
        "z": 0.9452225565910339
      },
      "hairColor": {
        "r": 0.32156863808631897,
        "g": 0.21568627655506134,
        "b": 0.18039216101169586,
        "a": 1.0
      },
      "bodyColors": [
        {
          "r": 0.7921568751335144,
          "g": 0.6549019813537598,
          "b": 0.5843137502670288,
          "a": 1.0
        },
        {
          "r": 0.6901960968971252,
          "g": 0.7098039388656616,
          "b": 0.686274528503418,
          "a": 1.0
        },
        {
          "r": 0.2705882489681244,
          "g": 0.32549020648002625,
          "b": 0.33725491166114807,
          "a": 1.0
        },
        {
          "r": 0.47058823704719543,
          "g": 0.5960784554481506,
          "b": 0.40392157435417175,
          "a": 1.0
        }
      ],
      "instanceId": 20001
    },
    {
      "crowdTypeID": 403,
      "spawnPosition": {
        "x": -1917.8470458984375,
        "y": 65.00617980957031,
        "z": 9038.451171875
      },
      "spawnFaceFwd": {
        "x": 0.3197493851184845,
        "z": 0.9475021362304688
      },
      "hairColor": {
        "r": 0.32156863808631897,
        "g": 0.21568627655506134,
        "b": 0.18039216101169586,
        "a": 1.0
      },
      "bodyColors": [
        {
          "r": 0.7921568751335144,
          "g": 0.6549019813537598,
          "b": 0.5843137502670288,
          "a": 1.0
        },
        {
          "r": 0.3450980484485626,
          "g": 0.2980392277240753,
          "b": 0.23529411852359772,
          "a": 1.0
        },
        {
          "r": 0.47843137383461,
          "g": 0.32156863808631897,
          "b": 0.2078431397676468,
          "a": 1.0
        },
        {
          "r": 0.7333333492279053,
          "g": 0.5882353186607361,
          "b": 0.3803921639919281,
          "a": 1.0
        }
      ],
      "instanceId": 20002
    },
    {
      "crowdTypeID": 411,
      "spawnPosition": {
        "x": -1915.47900390625,
        "y": 65.00617980957031,
        "z": 9037.6484375
      },
      "spawnFaceFwd": {
        "z": 1.0
      },
      "hairColor": {
        "r": 0.5215686559677124,
        "g": 0.40392157435417175,
        "b": 0.2549019753932953,
        "a": 1.0
      },
      "bodyColors": [
        {
          "r": 0.7921568751335144,
          "g": 0.6549019813537598,
          "b": 0.5843137502670288,
          "a": 1.0
        },
        {
          "r": 0.7960784435272217,
          "g": 0.7490196228027344,
          "b": 0.6941176652908325,
          "a": 1.0
        },
        {
          "r": 0.5058823823928833,
          "g": 0.43921568989753723,
          "b": 0.5607843399047852,
          "a": 1.0
        },
        {
          "r": 0.30980393290519714,
          "g": 0.24705882370471954,
          "b": 0.34117648005485535,
          "a": 1.0
        }
      ],
      "instanceId": 20003
    },
    {
      "crowdTypeID": 413,
      "animConfigID": 1,
      "spawnPosition": {
        "x": -1912.51904296875,
        "y": 63.18212890625,
        "z": 9038.8525390625
      },
      "spawnFaceFwd": {
        "x": 0.036442968994379044,
        "z": 0.9993357062339783
      },
      "hairColor": {
        "r": 0.4274509847164154,
        "g": 0.37254902720451355,
        "b": 0.3019607961177826,
        "a": 1.0
      },
      "bodyColors": [
        {
          "r": 0.9058823585510254,
          "g": 0.7882353067398071,
          "b": 0.7333333492279053,
          "a": 1.0
        },
        {
          "r": 0.8352941274642944,
          "g": 0.8705882430076599,
          "b": 0.8901960849761963,
          "a": 1.0
        },
        {
          "r": 0.37254902720451355,
          "g": 0.5843137502670288,
          "b": 0.6196078658103943,
          "a": 1.0
        },
        {
          "r": 0.1568627506494522,
          "g": 0.23137255012989044,
          "b": 0.2705882489681244,
          "a": 1.0
        }
      ],
      "instanceId": 20004
    },
    {
      "crowdTypeID": 405,
      "spawnPosition": {
        "x": -1922.4990234375,
        "y": 65.00617980957031,
        "z": 9040.4599609375
      },
      "spawnFaceFwd": {
        "x": 0.7049455642700195,
        "z": 0.709261417388916
      },
      "hairColor": {
        "r": 0.3960784375667572,
        "g": 0.27843138575553894,
        "b": 0.1882352977991104,
        "a": 1.0
      },
      "bodyColors": [
        {
          "r": 0.7921568751335144,
          "g": 0.6549019813537598,
          "b": 0.5843137502670288,
          "a": 1.0
        },
        {
          "r": 0.21176470816135406,
          "g": 0.32549020648002625,
          "b": 0.3803921639919281,
          "a": 1.0
        },
        {
          "r": 0.6313725709915161,
          "g": 0.7686274647712708,
          "b": 0.7372549176216125,
          "a": 1.0
        },
        {
          "r": 0.2980392277240753,
          "g": 0.4901960790157318,
          "b": 0.5803921818733215,
          "a": 1.0
        }
      ],
      "instanceId": 20006
    },
    {
      "crowdTypeID": 411,
      "spawnPosition": {
        "x": -1919.363037109375,
        "y": 65.00617980957031,
        "z": 9039.05859375
      },
      "spawnFaceFwd": {
        "x": 0.3539302945137024,
        "z": 0.9352717995643616
      },
      "hairColor": {
        "r": 0.5215686559677124,
        "g": 0.40392157435417175,
        "b": 0.2549019753932953,
        "a": 1.0
      },
      "bodyColors": [
        {
          "r": 0.7921568751335144,
          "g": 0.6549019813537598,
          "b": 0.5843137502670288,
          "a": 1.0
        },
        {
          "r": 0.6901960968971252,
          "g": 0.7098039388656616,
          "b": 0.686274528503418,
          "a": 1.0
        },
        {
          "r": 0.47058823704719543,
          "g": 0.5960784554481506,
          "b": 0.40392157435417175,
          "a": 1.0
        },
        {
          "r": 0.2705882489681244,
          "g": 0.32549020648002625,
          "b": 0.33725491166114807,
          "a": 1.0
        }
      ],
      "instanceId": 20007
    },
    {
      "crowdTypeID": 413,
      "spawnPosition": {
        "x": -1921.2509765625,
        "y": 63.18212890625,
        "z": 9044.041015625
      },
      "spawnFaceFwd": {
        "x": 0.31694909930229187,
        "z": 0.9484425187110901
      },
      "hairColor": {
        "r": 0.4274509847164154,
        "g": 0.37254902720451355,
        "b": 0.3019607961177826,
        "a": 1.0
      },
      "bodyColors": [
        {
          "r": 0.7921568751335144,
          "g": 0.6549019813537598,
          "b": 0.5843137502670288,
          "a": 1.0
        },
        {
          "r": 0.7333333492279053,
          "g": 0.5882353186607361,
          "b": 0.3803921639919281,
          "a": 1.0
        },
        {
          "r": 0.47843137383461,
          "g": 0.32156863808631897,
          "b": 0.2078431397676468,
          "a": 1.0
        },
        {
          "r": 0.3450980484485626,
          "g": 0.2980392277240753,
          "b": 0.23529411852359772,
          "a": 1.0
        }
      ],
      "instanceId": 20008
    },
    {
      "crowdTypeID": 406,
      "spawnPosition": {
        "x": -1920.8819580078125,
        "y": 67.76354217529297,
        "z": 9037.3642578125
      },
      "spawnFaceFwd": {
        "x": 0.3197493851184845,
        "z": 0.9475021362304688
      },
      "hairColor": {
        "r": 0.4274509847164154,
        "g": 0.37254902720451355,
        "b": 0.3019607961177826,
        "a": 1.0
      },
      "bodyColors": [
        {
          "r": 0.9058823585510254,
          "g": 0.7882353067398071,
          "b": 0.7333333492279053,
          "a": 1.0
        },
        {
          "r": 0.3450980484485626,
          "g": 0.2980392277240753,
          "b": 0.23529411852359772,
          "a": 1.0
        },
        {
          "r": 0.47843137383461,
          "g": 0.32156863808631897,
          "b": 0.2078431397676468,
          "a": 1.0
        },
        {
          "r": 0.7333333492279053,
          "g": 0.5882353186607361,
          "b": 0.3803921639919281,
          "a": 1.0
        }
      ],
      "instanceId": 20009
    },
    {
      "crowdTypeID": 413,
      "spawnPosition": {
        "x": -1917.60400390625,
        "y": 67.76338958740234,
        "z": 9035.685546875
      },
      "spawnFaceFwd": {
        "z": 1.0
      },
      "hairColor": {
        "r": 0.32156863808631897,
        "g": 0.21568627655506134,
        "b": 0.18039216101169586,
        "a": 1.0
      },
      "bodyColors": [
        {
          "r": 0.9058823585510254,
          "g": 0.7882353067398071,
          "b": 0.7333333492279053,
          "a": 1.0
        },
        {
          "r": 0.6901960968971252,
          "g": 0.7098039388656616,
          "b": 0.686274528503418,
          "a": 1.0
        },
        {
          "r": 0.47058823704719543,
          "g": 0.5960784554481506,
          "b": 0.40392157435417175,
          "a": 1.0
        },
        {
          "r": 0.2705882489681244,
          "g": 0.32549020648002625,
          "b": 0.33725491166114807,
          "a": 1.0
        }
      ],
      "instanceId": 20010
    },
    {
      "crowdTypeID": 403,
      "animConfigID": 1,
      "spawnPosition": {
        "x": -1928.9110107421875,
        "y": 67.7631607055664,
        "z": 9042.080078125
      },
      "spawnFaceFwd": {
        "x": 0.7049455642700195,
        "z": 0.709261417388916
      },
      "hairColor": {
        "r": 0.5215686559677124,
        "g": 0.40392157435417175,
        "b": 0.2549019753932953,
        "a": 1.0
      },
      "bodyColors": [
        {
          "r": 0.7921568751335144,
          "g": 0.6549019813537598,
          "b": 0.5843137502670288,
          "a": 1.0
        },
        {
          "r": 0.21176470816135406,
          "g": 0.32549020648002625,
          "b": 0.3803921639919281,
          "a": 1.0
        },
        {
          "r": 0.6313725709915161,
          "g": 0.7686274647712708,
          "b": 0.7372549176216125,
          "a": 1.0
        },
        {
          "r": 0.2980392277240753,
          "g": 0.4901960790157318,
          "b": 0.5803921818733215,
          "a": 1.0
        }
      ],
      "instanceId": 20012
    },
    {
      "crowdTypeID": 411,
      "spawnPosition": {
        "x": -1924.949951171875,
        "y": 67.76325988769531,
        "z": 9039.1826171875
      },
      "spawnFaceFwd": {
        "x": 0.3539302945137024,
        "z": 0.9352717995643616
      },
      "hairColor": {
        "r": 0.5215686559677124,
        "g": 0.40392157435417175,
        "b": 0.2549019753932953,
        "a": 1.0
      },
      "bodyColors": [
        {
          "r": 0.7921568751335144,
          "g": 0.6549019813537598,
          "b": 0.5843137502670288,
          "a": 1.0
        },
        {
          "r": 0.8117647171020508,
          "g": 0.8666666746139526,
          "b": 0.8901960849761963,
          "a": 1.0
        },
        {
          "r": 0.5568627715110779,
          "g": 0.6196078658103943,
          "b": 0.7843137383460999,
          "a": 1.0
        },
        {
          "r": 0.2823529541492462,
          "g": 0.3529411852359772,
          "b": 0.4901960790157318,
          "a": 1.0
        }
      ],
      "instanceId": 20013
    },
    {
      "crowdTypeID": 403,
      "spawnPosition": {
        "x": -1911.762939453125,
        "y": 67.76335906982422,
        "z": 9034.1201171875
      },
      "spawnFaceFwd": {
        "x": -0.18317383527755737,
        "z": 0.9830805659294128
      },
      "hairColor": {
        "r": 0.5,
        "g": 0.5,
        "b": 0.5,
        "a": 1.0
      },
      "bodyColors": [
        {
          "r": 0.7921568751335144,
          "g": 0.6549019813537598,
          "b": 0.5843137502670288,
          "a": 1.0
        },
        {
          "r": 0.8117647171020508,
          "g": 0.8666666746139526,
          "b": 0.8901960849761963,
          "a": 1.0
        },
        {
          "r": 0.5568627715110779,
          "g": 0.6196078658103943,
          "b": 0.7843137383460999,
          "a": 1.0
        },
        {
          "r": 0.2823529541492462,
          "g": 0.3529411852359772,
          "b": 0.4901960790157318,
          "a": 1.0
        }
      ],
      "instanceId": 20014
    },
    {
      "crowdTypeID": 415,
      "animConfigID": 3,
      "spawnPosition": {
        "x": -1908.56298828125,
        "y": 67.76123046875,
        "z": 9035.8994140625
      },
      "spawnFaceFwd": {
        "x": -0.43146559596061707,
        "z": 0.9021294116973877
      },
      "hairColor": {
        "r": 0.3960784375667572,
        "g": 0.27843138575553894,
        "b": 0.1882352977991104,
        "a": 1.0
      },
      "bodyColors": [
        {
          "r": 0.7921568751335144,
          "g": 0.6549019813537598,
          "b": 0.5843137502670288,
          "a": 1.0
        },
        {
          "r": 0.47058823704719543,
          "g": 0.33725491166114807,
          "b": 0.3176470696926117,
          "a": 1.0
        },
        {
          "r": 0.6509804129600525,
          "g": 0.364705890417099,
          "b": 0.3450980484485626,
          "a": 1.0
        },
        {
          "r": 0.8196078538894653,
          "g": 0.7568627595901489,
          "b": 0.729411780834198,
          "a": 1.0
        }
      ],
      "instanceId": 20015
    },
    {
      "crowdTypeID": 411,
      "spawnPosition": {
        "x": -1914.7979736328125,
        "y": 67.7632827758789,
        "z": 9034.609375
      },
      "spawnFaceFwd": {
        "x": -0.08441339433193207,
        "z": 0.9964308142662048
      },
      "hairColor": {
        "r": 0.4274509847164154,
        "g": 0.37254902720451355,
        "b": 0.3019607961177826,
        "a": 1.0
      },
      "bodyColors": [
        {
          "r": 0.7921568751335144,
          "g": 0.6549019813537598,
          "b": 0.5843137502670288,
          "a": 1.0
        },
        {
          "r": 0.8627451062202454,
          "g": 0.8509804010391235,
          "b": 0.8156862854957581,
          "a": 1.0
        },
        {
          "r": 0.7764706015586853,
          "g": 0.6274510025978088,
          "b": 0.4313725531101227,
          "a": 1.0
        },
        {
          "r": 0.4901960790157318,
          "g": 0.3607843220233917,
          "b": 0.27450981736183167,
          "a": 1.0
        }
      ],
      "instanceId": 20016
    },
    {
      "crowdTypeID": 428,
      "spawnPosition": {
        "x": -1934.3790283203125,
        "y": 67.76274871826172,
        "z": 9047.27734375
      },
      "spawnFaceFwd": {
        "x": 0.8188886642456055,
        "z": 0.5739523768424988
      },
      "hairColor": {
        "r": 0.3960784375667572,
        "g": 0.27843138575553894,
        "b": 0.1882352977991104,
        "a": 1.0
      },
      "bodyColors": [
        {
          "r": 0.7921568751335144,
          "g": 0.6549019813537598,
          "b": 0.5843137502670288,
          "a": 1.0
        },
        {
          "r": 0.27843138575553894,
          "g": 0.38823530077934265,
          "b": 0.501960813999176,
          "a": 1.0
        },
        {
          "r": 0.8941176533699036,
          "g": 0.8941176533699036,
          "b": 0.8941176533699036,
          "a": 1.0
        },
        {
          "r": 0.5215686559677124,
          "g": 0.6784313917160034,
          "b": 0.7882353067398071,
          "a": 1.0
        }
      ],
      "instanceId": 20017
    },
    {
      "crowdTypeID": 403,
      "spawnPosition": {
        "x": -1930.781982421875,
        "y": 67.76377868652344,
        "z": 9045.548828125
      },
      "spawnFaceFwd": {
        "x": 0.5895994901657104,
        "z": 0.807695746421814
      },
      "hairColor": {
        "r": 0.29019609093666077,
        "g": 0.3176470696926117,
        "b": 0.3529411852359772,
        "a": 1.0
      },
      "bodyColors": [
        {
          "r": 0.9333333373069763,
          "g": 0.8666666746139526,
          "b": 0.843137264251709,
          "a": 1.0
        },
        {
          "r": 0.8117647171020508,
          "g": 0.8666666746139526,
          "b": 0.8901960849761963,
          "a": 1.0
        },
        {
          "r": 0.5568627715110779,
          "g": 0.6196078658103943,
          "b": 0.7843137383460999,
          "a": 1.0
        },
        {
          "r": 0.2823529541492462,
          "g": 0.3529411852359772,
          "b": 0.4901960790157318,
          "a": 1.0
        }
      ],
      "instanceId": 20018
    },
    {
      "crowdTypeID": 423,
      "animConfigID": 1,
      "spawnPosition": {
        "x": -1935.6949462890625,
        "y": 67.76223754882812,
        "z": 9052.146484375
      },
      "spawnFaceFwd": {
        "x": 0.9409950971603394,
        "z": 0.33842015266418457
      },
      "hairColor": {
        "r": 0.25882354378700256,
        "g": 0.25882354378700256,
        "b": 0.25882354378700256,
        "a": 1.0
      },
      "bodyColors": [
        {
          "r": 0.9333333373069763,
          "g": 0.8666666746139526,
          "b": 0.843137264251709,
          "a": 1.0
        },
        {
          "r": 0.9137254953384399,
          "g": 0.9607843160629272,
          "b": 0.9411764740943909,
          "a": 1.0
        },
        {
          "r": 0.3019607961177826,
          "g": 0.5254902243614197,
          "b": 0.5490196347236633,
          "a": 1.0
        },
        {
          "r": 0.22745098173618317,
          "g": 0.3333333432674408,
          "b": 0.38823530077934265,
          "a": 1.0
        }
      ],
      "instanceId": 20019
    },
    {
      "crowdTypeID": 456,
      "animConfigID": 3,
      "spawnPosition": {
        "x": -1930.748046875,
        "y": 63.1821403503418,
        "z": 9053.2265625
      },
      "spawnFaceFwd": {
        "x": 0.8100664019584656,
        "z": 0.5863381624221802
      },
      "hairColor": {
        "r": 0.5215686559677124,
        "g": 0.40392157435417175,
        "b": 0.2549019753932953,
        "a": 1.0
      },
      "bodyColors": [
        {
          "r": 0.7921568751335144,
          "g": 0.6549019813537598,
          "b": 0.5843137502670288,
          "a": 1.0
        },
        {
          "r": 0.47058823704719543,
          "g": 0.33725491166114807,
          "b": 0.3176470696926117,
          "a": 1.0
        },
        {
          "r": 0.6509804129600525,
          "g": 0.364705890417099,
          "b": 0.3450980484485626,
          "a": 1.0
        },
        {
          "r": 0.8196078538894653,
          "g": 0.7568627595901489,
          "b": 0.729411780834198,
          "a": 1.0
        }
      ],
      "instanceId": 20020
    },
    {
      "crowdTypeID": 411,
      "spawnPosition": {
        "x": -1934.1429443359375,
        "y": 67.7612533569336,
        "z": 9054.7978515625
      },
      "spawnFaceFwd": {
        "x": 0.8446170091629028,
        "z": 0.5353710651397705
      },
      "hairColor": {
        "r": 0.5215686559677124,
        "g": 0.40392157435417175,
        "b": 0.2549019753932953,
        "a": 1.0
      },
      "bodyColors": [
        {
          "r": 0.7921568751335144,
          "g": 0.6549019813537598,
          "b": 0.5843137502670288,
          "a": 1.0
        },
        {
          "r": 0.8196078538894653,
          "g": 0.7882353067398071,
          "b": 0.7450980544090271,
          "a": 1.0
        },
        {
          "r": 0.47843137383461,
          "g": 0.5490196347236633,
          "b": 0.3294117748737335,
          "a": 1.0
        },
        {
          "r": 0.3294117748737335,
          "g": 0.3294117748737335,
          "b": 0.20392157137393951,
          "a": 1.0
        }
      ],
      "instanceId": 20021
    },
    {
      "crowdTypeID": 403,
      "spawnPosition": {
        "x": -1932.1529541015625,
        "y": 63.1821403503418,
        "z": 9056.5185546875
      },
      "spawnFaceFwd": {
        "x": 0.9609056115150452,
        "z": 0.27687621116638184
      },
      "hairColor": {
        "r": 0.29019609093666077,
        "g": 0.3176470696926117,
        "b": 0.3529411852359772,
        "a": 1.0
      },
      "bodyColors": [
        {
          "r": 0.9333333373069763,
          "g": 0.8666666746139526,
          "b": 0.843137264251709,
          "a": 1.0
        },
        {
          "r": 0.8117647171020508,
          "g": 0.8666666746139526,
          "b": 0.8901960849761963,
          "a": 1.0
        },
        {
          "r": 0.5568627715110779,
          "g": 0.6196078658103943,
          "b": 0.7843137383460999,
          "a": 1.0
        },
        {
          "r": 0.2823529541492462,
          "g": 0.3529411852359772,
          "b": 0.4901960790157318,
          "a": 1.0
        }
      ],
      "instanceId": 20022
    },
    {
      "crowdTypeID": 406,
      "spawnPosition": {
        "x": -1923.8809814453125,
        "y": 70.98047637939453,
        "z": 9034.1220703125
      },
      "spawnFaceFwd": {
        "x": 0.3197493851184845,
        "z": 0.9475021362304688
      },
      "hairColor": {
        "r": 0.4274509847164154,
        "g": 0.37254902720451355,
        "b": 0.3019607961177826,
        "a": 1.0
      },
      "bodyColors": [
        {
          "r": 0.9058823585510254,
          "g": 0.7882353067398071,
          "b": 0.7333333492279053,
          "a": 1.0
        },
        {
          "r": 0.7960784435272217,
          "g": 0.7490196228027344,
          "b": 0.6941176652908325,
          "a": 1.0
        },
        {
          "r": 0.5058823823928833,
          "g": 0.43921568989753723,
          "b": 0.5607843399047852,
          "a": 1.0
        },
        {
          "r": 0.30980393290519714,
          "g": 0.24705882370471954,
          "b": 0.34117648005485535,
          "a": 1.0
        }
      ],
      "instanceId": 20023
    },
    {
      "crowdTypeID": 413,
      "spawnPosition": {
        "x": -1920.60302734375,
        "y": 70.98047637939453,
        "z": 9032.443359375
      },
      "spawnFaceFwd": {
        "z": 1.0
      },
      "hairColor": {
        "r": 0.32156863808631897,
        "g": 0.21568627655506134,
        "b": 0.18039216101169586,
        "a": 1.0
      },
      "bodyColors": [
        {
          "r": 0.9058823585510254,
          "g": 0.7882353067398071,
          "b": 0.7333333492279053,
          "a": 1.0
        },
        {
          "r": 0.6901960968971252,
          "g": 0.7098039388656616,
          "b": 0.686274528503418,
          "a": 1.0
        },
        {
          "r": 0.47058823704719543,
          "g": 0.5960784554481506,
          "b": 0.40392157435417175,
          "a": 1.0
        },
        {
          "r": 0.2705882489681244,
          "g": 0.32549020648002625,
          "b": 0.33725491166114807,
          "a": 1.0
        }
      ],
      "instanceId": 20024
    },
    {
      "crowdTypeID": 465,
      "animConfigID": 3,
      "spawnPosition": {
        "x": -1932.81005859375,
        "y": 70.98047637939453,
        "z": 9039.23046875
      },
      "spawnFaceFwd": {
        "x": 0.7049455642700195,
        "z": 0.709261417388916
      },
      "hairColor": {
        "r": 0.4274509847164154,
        "g": 0.37254902720451355,
        "b": 0.3019607961177826,
        "a": 1.0
      },
      "bodyColors": [
        {
          "r": 0.7921568751335144,
          "g": 0.6549019813537598,
          "b": 0.5843137502670288,
          "a": 1.0
        },
        {
          "r": 0.27843138575553894,
          "g": 0.38823530077934265,
          "b": 0.501960813999176,
          "a": 1.0
        },
        {
          "r": 0.8941176533699036,
          "g": 0.8941176533699036,
          "b": 0.8941176533699036,
          "a": 1.0
        },
        {
          "r": 0.5215686559677124,
          "g": 0.6784313917160034,
          "b": 0.7882353067398071,
          "a": 1.0
        }
      ],
      "instanceId": 20025
    },
    {
      "crowdTypeID": 411,
      "spawnPosition": {
        "x": -1929.9010009765625,
        "y": 70.98047637939453,
        "z": 9038.9248046875
      },
      "spawnFaceFwd": {
        "x": 0.3539302945137024,
        "z": 0.9352717995643616
      },
      "hairColor": {
        "r": 0.5215686559677124,
        "g": 0.40392157435417175,
        "b": 0.2549019753932953,
        "a": 1.0
      },
      "bodyColors": [
        {
          "r": 0.7921568751335144,
          "g": 0.6549019813537598,
          "b": 0.5843137502670288,
          "a": 1.0
        },
        {
          "r": 0.6901960968971252,
          "g": 0.7098039388656616,
          "b": 0.686274528503418,
          "a": 1.0
        },
        {
          "r": 0.47058823704719543,
          "g": 0.5960784554481506,
          "b": 0.40392157435417175,
          "a": 1.0
        },
        {
          "r": 0.2705882489681244,
          "g": 0.32549020648002625,
          "b": 0.33725491166114807,
          "a": 1.0
        }
      ],
      "instanceId": 20026
    },
    {
      "crowdTypeID": 401,
      "spawnPosition": {
        "x": -1914.10400390625,
        "y": 70.98047637939453,
        "z": 9029.6591796875
      },
      "spawnFaceFwd": {
        "x": 0.0939396321773529,
        "z": 0.995577871799469
      },
      "hairColor": {
        "r": 0.4274509847164154,
        "g": 0.37254902720451355,
        "b": 0.3019607961177826,
        "a": 1.0
      },
      "bodyColors": [
        {
          "r": 0.9058823585510254,
          "g": 0.7882353067398071,
          "b": 0.7333333492279053,
          "a": 1.0
        },
        {
          "r": 0.2705882489681244,
          "g": 0.32549020648002625,
          "b": 0.33725491166114807,
          "a": 1.0
        },
        {
          "r": 0.47058823704719543,
          "g": 0.5960784554481506,
          "b": 0.40392157435417175,
          "a": 1.0
        },
        {
          "r": 0.6901960968971252,
          "g": 0.7098039388656616,
          "b": 0.686274528503418,
          "a": 1.0
        }
      ],
      "instanceId": 20027
    },
    {
      "crowdTypeID": 411,
      "spawnPosition": {
        "x": -1917.7969970703125,
        "y": 70.98047637939453,
        "z": 9031.3671875
      },
      "spawnFaceFwd": {
        "x": -0.08441339433193207,
        "z": 0.9964308142662048
      },
      "hairColor": {
        "r": 0.4274509847164154,
        "g": 0.37254902720451355,
        "b": 0.3019607961177826,
        "a": 1.0
      },
      "bodyColors": [
        {
          "r": 0.7921568751335144,
          "g": 0.6549019813537598,
          "b": 0.5843137502670288,
          "a": 1.0
        },
        {
          "r": 0.8196078538894653,
          "g": 0.7568627595901489,
          "b": 0.729411780834198,
          "a": 1.0
        },
        {
          "r": 0.6509804129600525,
          "g": 0.364705890417099,
          "b": 0.3450980484485626,
          "a": 1.0
        },
        {
          "r": 0.47058823704719543,
          "g": 0.33725491166114807,
          "b": 0.3176470696926117,
          "a": 1.0
        }
      ],
      "instanceId": 20028
    },
    {
      "crowdTypeID": 434,
      "animConfigID": 2,
      "spawnPosition": {
        "x": -1936.4449462890625,
        "y": 70.98047637939453,
        "z": 9044.8349609375
      },
      "spawnFaceFwd": {
        "x": 0.8188886642456055,
        "z": 0.5739523768424988
      },
      "hairColor": {
        "r": 0.25882354378700256,
        "g": 0.25882354378700256,
        "b": 0.25882354378700256,
        "a": 1.0
      },
      "bodyColors": [
        {
          "r": 0.9333333373069763,
          "g": 0.8666666746139526,
          "b": 0.843137264251709,
          "a": 1.0
        },
        {
          "r": 0.6901960968971252,
          "g": 0.7098039388656616,
          "b": 0.686274528503418,
          "a": 1.0
        },
        {
          "r": 0.47058823704719543,
          "g": 0.5960784554481506,
          "b": 0.40392157435417175,
          "a": 1.0
        },
        {
          "r": 0.2705882489681244,
          "g": 0.32549020648002625,
          "b": 0.33725491166114807,
          "a": 1.0
        }
      ],
      "instanceId": 20029
    },
    {
      "crowdTypeID": 403,
      "spawnPosition": {
        "x": -1933.7740478515625,
        "y": 70.98047637939453,
        "z": 9042.314453125
      },
      "spawnFaceFwd": {
        "x": 0.5895994901657104,
        "z": 0.807695746421814
      },
      "hairColor": {
        "r": 0.29019609093666077,
        "g": 0.3176470696926117,
        "b": 0.3529411852359772,
        "a": 1.0
      },
      "bodyColors": [
        {
          "r": 0.7921568751335144,
          "g": 0.6549019813537598,
          "b": 0.5843137502670288,
          "a": 1.0
        },
        {
          "r": 0.3450980484485626,
          "g": 0.2980392277240753,
          "b": 0.23529411852359772,
          "a": 1.0
        },
        {
          "r": 0.47843137383461,
          "g": 0.32156863808631897,
          "b": 0.2078431397676468,
          "a": 1.0
        },
        {
          "r": 0.7333333492279053,
          "g": 0.5882353186607361,
          "b": 0.3803921639919281,
          "a": 1.0
        }
      ],
      "instanceId": 20030
    },
    {
      "crowdTypeID": 406,
      "spawnPosition": {
        "x": -1909.43603515625,
        "y": 70.98047637939453,
        "z": 9029.5908203125
      },
      "spawnFaceFwd": {
        "x": -0.15784427523612976,
        "z": 0.9874640107154846
      },
      "hairColor": {
        "r": 0.4274509847164154,
        "g": 0.37254902720451355,
        "b": 0.3019607961177826,
        "a": 1.0
      },
      "bodyColors": [
        {
          "r": 0.9058823585510254,
          "g": 0.7882353067398071,
          "b": 0.7333333492279053,
          "a": 1.0
        },
        {
          "r": 0.7960784435272217,
          "g": 0.7490196228027344,
          "b": 0.6941176652908325,
          "a": 1.0
        },
        {
          "r": 0.5058823823928833,
          "g": 0.43921568989753723,
          "b": 0.5607843399047852,
          "a": 1.0
        },
        {
          "r": 0.30980393290519714,
          "g": 0.24705882370471954,
          "b": 0.34117648005485535,
          "a": 1.0
        }
      ],
      "instanceId": 20031
    },
    {
      "crowdTypeID": 457,
      "animConfigID": 3,
      "spawnPosition": {
        "x": -1906.0030517578125,
        "y": 70.98047637939453,
        "z": 9028.125
      },
      "spawnFaceFwd": {
        "x": -0.047927431762218475,
        "z": 0.9988508224487305
      },
      "hairColor": {
        "r": 0.5,
        "g": 0.5,
        "b": 0.5,
        "a": 1.0
      },
      "bodyColors": [
        {
          "r": 0.7921568751335144,
          "g": 0.6549019813537598,
          "b": 0.5843137502670288,
          "a": 1.0
        },
        {
          "r": 0.7333333492279053,
          "g": 0.5882353186607361,
          "b": 0.3803921639919281,
          "a": 1.0
        },
        {
          "r": 0.47843137383461,
          "g": 0.32156863808631897,
          "b": 0.2078431397676468,
          "a": 1.0
        },
        {
          "r": 0.3450980484485626,
          "g": 0.2980392277240753,
          "b": 0.23529411852359772,
          "a": 1.0
        }
      ],
      "instanceId": 20032
    },
    {
      "crowdTypeID": 410,
      "spawnPosition": {
        "x": -1898.68896484375,
        "y": 70.98478698730469,
        "z": 9030.193359375
      },
      "spawnFaceFwd": {
        "x": -0.38009199500083923,
        "z": 0.9249486923217773
      },
      "hairColor": {
        "r": 0.25882354378700256,
        "g": 0.25882354378700256,
        "b": 0.25882354378700256,
        "a": 1.0
      },
      "bodyColors": [
        {
          "r": 0.7921568751335144,
          "g": 0.6549019813537598,
          "b": 0.5843137502670288,
          "a": 1.0
        },
        {
          "r": 0.6313725709915161,
          "g": 0.7686274647712708,
          "b": 0.7372549176216125,
          "a": 1.0
        },
        {
          "r": 0.2980392277240753,
          "g": 0.4901960790157318,
          "b": 0.5803921818733215,
          "a": 1.0
        },
        {
          "r": 0.21176470816135406,
          "g": 0.32549020648002625,
          "b": 0.3803921639919281,
          "a": 1.0
        }
      ],
      "instanceId": 20033
    },
    {
      "crowdTypeID": 450,
      "animConfigID": 2,
      "spawnPosition": {
        "x": -1902.7550048828125,
        "y": 70.98478698730469,
        "z": 9029.9814453125
      },
      "spawnFaceFwd": {
        "x": -0.538357675075531,
        "z": 0.8427164554595947
      },
      "hairColor": {
        "r": 0.3960784375667572,
        "g": 0.27843138575553894,
        "b": 0.1882352977991104,
        "a": 1.0
      },
      "bodyColors": [
        {
          "r": 0.9333333373069763,
          "g": 0.8666666746139526,
          "b": 0.843137264251709,
          "a": 1.0
        },
        {
          "r": 0.772549033164978,
          "g": 0.8235294222831726,
          "b": 0.8823529481887817,
          "a": 1.0
        },
        {
          "r": 0.4117647111415863,
          "g": 0.5490196347236633,
          "b": 0.6823529601097107,
          "a": 1.0
        },
        {
          "r": 0.2705882489681244,
          "g": 0.27843138575553894,
          "b": 0.364705890417099,
          "a": 1.0
        }
      ],
      "instanceId": 20034
    },
    {
      "crowdTypeID": 406,
      "spawnPosition": {
        "x": -1923.4410400390625,
        "y": 63.18212890625,
        "z": 9045.6572265625
      },
      "spawnFaceFwd": {
        "x": 0.4767465591430664,
        "z": 0.8790407776832581
      },
      "hairColor": {
        "r": 0.4274509847164154,
        "g": 0.37254902720451355,
        "b": 0.3019607961177826,
        "a": 1.0
      },
      "bodyColors": [
        {
          "r": 0.9058823585510254,
          "g": 0.7882353067398071,
          "b": 0.7333333492279053,
          "a": 1.0
        },
        {
          "r": 0.2705882489681244,
          "g": 0.32549020648002625,
          "b": 0.33725491166114807,
          "a": 1.0
        },
        {
          "r": 0.47058823704719543,
          "g": 0.5960784554481506,
          "b": 0.40392157435417175,
          "a": 1.0
        },
        {
          "r": 0.6901960968971252,
          "g": 0.7098039388656616,
          "b": 0.686274528503418,
          "a": 1.0
        }
      ],
      "instanceId": 20035
    },
    {
      "crowdTypeID": 413,
      "spawnPosition": {
        "x": -1918.2440185546875,
        "y": 63.18212890625,
        "z": 9042.16796875
      },
      "spawnFaceFwd": {
        "x": 0.2598263621330261,
        "z": 0.9656553268432617
      },
      "hairColor": {
        "r": 0.32156863808631897,
        "g": 0.21568627655506134,
        "b": 0.18039216101169586,
        "a": 1.0
      },
      "bodyColors": [
        {
          "r": 0.9058823585510254,
          "g": 0.7882353067398071,
          "b": 0.7333333492279053,
          "a": 1.0
        },
        {
          "r": 0.6901960968971252,
          "g": 0.7098039388656616,
          "b": 0.686274528503418,
          "a": 1.0
        },
        {
          "r": 0.47058823704719543,
          "g": 0.5960784554481506,
          "b": 0.40392157435417175,
          "a": 1.0
        },
        {
          "r": 0.2705882489681244,
          "g": 0.32549020648002625,
          "b": 0.33725491166114807,
          "a": 1.0
        }
      ],
      "instanceId": 20036
    },
    {
      "crowdTypeID": 401,
      "animConfigID": 1,
      "spawnPosition": {
        "x": -1911.0150146484375,
        "y": 63.18212890625,
        "z": 9040.1357421875
      },
      "spawnFaceFwd": {
        "x": 0.0939396321773529,
        "z": 0.995577871799469
      },
      "hairColor": {
        "r": 0.4274509847164154,
        "g": 0.37254902720451355,
        "b": 0.3019607961177826,
        "a": 1.0
      },
      "bodyColors": [
        {
          "r": 0.9058823585510254,
          "g": 0.7882353067398071,
          "b": 0.7333333492279053,
          "a": 1.0
        },
        {
          "r": 0.2705882489681244,
          "g": 0.32549020648002625,
          "b": 0.33725491166114807,
          "a": 1.0
        },
        {
          "r": 0.47058823704719543,
          "g": 0.5960784554481506,
          "b": 0.40392157435417175,
          "a": 1.0
        },
        {
          "r": 0.6901960968971252,
          "g": 0.7098039388656616,
          "b": 0.686274528503418,
          "a": 1.0
        }
      ],
      "instanceId": 20037
    },
    {
      "crowdTypeID": 411,
      "spawnPosition": {
        "x": -1914.928955078125,
        "y": 63.1821403503418,
        "z": 9040.8662109375
      },
      "spawnFaceFwd": {
        "x": -0.08441339433193207,
        "z": 0.9964308142662048
      },
      "hairColor": {
        "r": 0.4274509847164154,
        "g": 0.37254902720451355,
        "b": 0.3019607961177826,
        "a": 1.0
      },
      "bodyColors": [
        {
          "r": 0.7921568751335144,
          "g": 0.6549019813537598,
          "b": 0.5843137502670288,
          "a": 1.0
        },
        {
          "r": 0.8196078538894653,
          "g": 0.7568627595901489,
          "b": 0.729411780834198,
          "a": 1.0
        },
        {
          "r": 0.6509804129600525,
          "g": 0.364705890417099,
          "b": 0.3450980484485626,
          "a": 1.0
        },
        {
          "r": 0.47058823704719543,
          "g": 0.33725491166114807,
          "b": 0.3176470696926117,
          "a": 1.0
        }
      ],
      "instanceId": 20038
    },
    {
      "crowdTypeID": 465,
      "animConfigID": 3,
      "spawnPosition": {
        "x": -1932.988037109375,
        "y": 63.18212890625,
        "z": 9061.62109375
      },
      "spawnFaceFwd": {
        "x": 0.998717725276947,
        "z": 0.050624966621398926
      },
      "hairColor": {
        "r": 0.4274509847164154,
        "g": 0.37254902720451355,
        "b": 0.3019607961177826,
        "a": 1.0
      },
      "bodyColors": [
        {
          "r": 0.7921568751335144,
          "g": 0.6549019813537598,
          "b": 0.5843137502670288,
          "a": 1.0
        },
        {
          "r": 0.27843138575553894,
          "g": 0.38823530077934265,
          "b": 0.501960813999176,
          "a": 1.0
        },
        {
          "r": 0.8941176533699036,
          "g": 0.8941176533699036,
          "b": 0.8941176533699036,
          "a": 1.0
        },
        {
          "r": 0.5215686559677124,
          "g": 0.6784313917160034,
          "b": 0.7882353067398071,
          "a": 1.0
        }
      ],
      "instanceId": 20039
    },
    {
      "crowdTypeID": 411,
      "spawnPosition": {
        "x": -1933.136962890625,
        "y": 63.18212890625,
        "z": 9059.6533203125
      },
      "spawnFaceFwd": {
        "x": 0.8910138010978699,
        "z": 0.45397621393203735
      },
      "hairColor": {
        "r": 0.5215686559677124,
        "g": 0.40392157435417175,
        "b": 0.2549019753932953,
        "a": 1.0
      },
      "bodyColors": [
        {
          "r": 0.7921568751335144,
          "g": 0.6549019813537598,
          "b": 0.5843137502670288,
          "a": 1.0
        },
        {
          "r": 0.6901960968971252,
          "g": 0.7098039388656616,
          "b": 0.686274528503418,
          "a": 1.0
        },
        {
          "r": 0.47058823704719543,
          "g": 0.5960784554481506,
          "b": 0.40392157435417175,
          "a": 1.0
        },
        {
          "r": 0.2705882489681244,
          "g": 0.32549020648002625,
          "b": 0.33725491166114807,
          "a": 1.0
        }
      ],
      "instanceId": 20040
    },
    {
      "crowdTypeID": 434,
      "animConfigID": 2,
