{
    "crowdSpawnInfos": [
        {
            "crowdTypeID": 345,
            "animConfigID": 3,
            "spawnPosition": {
                "x": 3463.18701171875,
                "y": 449.61871337890625,
                "z": 4423.7412109375
            },
            "spawnFaceFwd": {
                "x": -0.20454534888267517,
                "z": 0.9788571000099182
            },
            "sitOnChair": true,
            "hairColor": {
                "r": 0.32156863808631897,
                "g": 0.21568627655506134,
                "b": 0.18039216101169586,
                "a": 1.0
            },
            "bodyColors": [
                {
                    "r": 0.9843137264251709,
                    "g": 0.8941176533699036,
                    "b": 0.8549019694328308,
                    "a": 1.0
                },
                {
                    "r": 0.6000000238418579,
                    "g": 0.5686274766921997,
                    "b": 0.658823549747467,
                    "a": 1.0
                },
                {
                    "r": 0.3176470696926117,
                    "g": 0.23529411852359772,
                    "b": 0.3176470696926117,
                    "a": 1.0
                },
                {
                    "r": 0.8549019694328308,
                    "g": 0.800000011920929,
                    "b": 0.7686274647712708,
                    "a": 1.0
                }
            ],
            "instanceId": 210012
        },
        {
            "crowdTypeID": 367,
            "animConfigID": 2,
            "spawnPosition": {
                "x": 3462.860107421875,
                "y": 449.58599853515625,
                "z": 4424.80712890625
            },
            "spawnFaceFwd": {
                "x": 0.24643930792808533,
                "z": -0.9691582918167114
            },
            "hairColor": {
                "r": 0.4274509847164154,
                "g": 0.37254902720451355,
                "b": 0.3019607961177826,
                "a": 1.0
            },
            "bodyColors": [
                {
                    "r": 1.0,
                    "g": 0.9137254953384399,
                    "b": 0.8627451062202454,
                    "a": 1.0
                },
                {
                    "r": 0.6000000238418579,
                    "g": 0.5686274766921997,
                    "b": 0.658823549747467,
                    "a": 1.0
                },
                {
                    "r": 0.8549019694328308,
                    "g": 0.800000011920929,
                    "b": 0.7686274647712708,
                    "a": 1.0
                },
                {
                    "r": 0.3176470696926117,
                    "g": 0.23529411852359772,
                    "b": 0.3176470696926117,
                    "a": 1.0
                }
            ],
            "instanceId": 210013
        },
        {
            "crowdTypeID": 349,
            "animConfigID": 4,
            "spawnPosition": {
                "x": 3501.864013671875,
                "y": 449.58599853515625,
                "z": 4431.51904296875
            },
            "spawnFaceFwd": {
                "x": -0.7611083388328552,
                "z": 0.6486247777938843
            },
            "hairColor": {
                "r": 0.4274509847164154,
                "g": 0.37254902720451355,
                "b": 0.3019607961177826,
                "a": 1.0
            },
            "bodyColors": [
                {
                    "r": 1.0,
                    "g": 0.9137254953384399,
                    "b": 0.8627451062202454,
                    "a": 1.0
                },
                {
                    "r": 0.34117648005485535,
                    "g": 0.4431372582912445,
                    "b": 0.5686274766921997,
                    "a": 1.0
                },
                {
                    "r": 0.4901960790157318,
                    "g": 0.6000000238418579,
                    "b": 0.6000000238418579,
                    "a": 1.0
                },
                {
                    "r": 0.9019607901573181,
                    "g": 0.8549019694328308,
                    "b": 0.8274509906768799,
                    "a": 1.0
                }
            ],
            "instanceId": 210014
        },
        {
            "crowdTypeID": 326,
            "animConfigID": 1,
            "spawnPosition": {
                "x": 3501.05908203125,
                "y": 449.58599853515625,
                "z": 4432.10791015625
            },
            "spawnFaceFwd": {
                "x": 0.4580087959766388,
                "z": -0.8889477252960205
            },
            "hairColor": {
                "r": 0.4274509847164154,
                "g": 0.37254902720451355,
                "b": 0.3019607961177826,
                "a": 1.0
            },
            "bodyColors": [
                {
                    "r": 1.0,
                    "g": 0.9137254953384399,
                    "b": 0.8627451062202454,
                    "a": 1.0
                },
                {
                    "r": 0.34117648005485535,
                    "g": 0.4431372582912445,
                    "b": 0.5686274766921997,
                    "a": 1.0
                },
                {
                    "r": 0.9019607901573181,
                    "g": 0.8549019694328308,
                    "b": 0.8274509906768799,
                    "a": 1.0
                },
                {
                    "r": 0.4901960790157318,
                    "g": 0.6000000238418579,
                    "b": 0.6000000238418579,
                    "a": 1.0
                }
            ],
            "instanceId": 210015
        },
        {
            "crowdTypeID": 341,
            "animConfigID": 2,
            "spawnPosition": {
                "x": 3500.988037109375,
                "y": 449.58599853515625,
                "z": 4431.09423828125
            },
            "spawnFaceFwd": {
                "x": 0.022240066900849342,
                "z": 0.9997526407241821
            },
            "hairColor": {
                "r": 0.3960784375667572,
                "g": 0.27843138575553894,
                "b": 0.1882352977991104,
                "a": 1.0
            },
            "bodyColors": [
                {
                    "r": 0.9843137264251709,
                    "g": 0.8941176533699036,
                    "b": 0.8549019694328308,
                    "a": 1.0
                },
                {
                    "r": 0.4901960790157318,
                    "g": 0.6000000238418579,
                    "b": 0.6000000238418579,
                    "a": 1.0
                },
                {
                    "r": 0.9019607901573181,
                    "g": 0.8549019694328308,
                    "b": 0.8274509906768799,
                    "a": 1.0
                },
                {
                    "r": 0.34117648005485535,
                    "g": 0.4431372582912445,
                    "b": 0.5686274766921997,
                    "a": 1.0
                }
            ],
            "instanceId": 210016
        },
        {
            "crowdTypeID": 355,
            "spawnPosition": {
                "x": 3453.327880859375,
                "y": 449.593994140625,
                "z": 4439.865234375
            },
            "spawnFaceFwd": {
                "x": -0.40021318197250366,
                "z": -0.9164221286773682
            },
            "hairColor": {
                "r": 0.32156863808631897,
                "g": 0.21568627655506134,
                "b": 0.18039216101169586,
                "a": 1.0
            },
            "bodyColors": [
                {
                    "r": 1.0,
                    "g": 1.0,
                    "b": 1.0,
                    "a": 1.0
                },
                {
                    "r": 1.0,
                    "g": 1.0,
                    "b": 1.0,
                    "a": 1.0
                },
                {
                    "r": 1.0,
                    "g": 1.0,
                    "b": 1.0,
                    "a": 1.0
                },
                {
                    "r": 1.0,
                    "g": 1.0,
                    "b": 1.0,
                    "a": 1.0
                }
            ],
            "instanceId": 210021
        },
        {
            "crowdTypeID": 336,
            "animConfigID": 3,
            "spawnPosition": {
                "x": 3455.52099609375,
                "y": 449.599609375,
                "z": 4425.658203125
            },
            "spawnFaceFwd": {
                "x": -0.8257470726966858,
                "z": -0.5640404224395752
            },
            "hairColor": {
                "r": 0.32156863808631897,
                "g": 0.21568627655506134,
                "b": 0.18039216101169586,
                "a": 1.0
            },
            "bodyColors": [
                {
                    "r": 1.0,
                    "g": 0.9137254953384399,
                    "b": 0.8627451062202454,
                    "a": 1.0
                },
                {
                    "r": 0.6000000238418579,
                    "g": 0.5686274766921997,
                    "b": 0.658823549747467,
                    "a": 1.0
                },
                {
                    "r": 0.3176470696926117,
                    "g": 0.23529411852359772,
                    "b": 0.3176470696926117,
                    "a": 1.0
                },
                {
                    "r": 0.8549019694328308,
                    "g": 0.800000011920929,
                    "b": 0.7686274647712708,
                    "a": 1.0
                }
            ],
            "instanceId": 210022
        }
    ]
}