{
    "crowdSpawnInfos": [
        {
            "crowdTypeID": 71,
            "spawnPosition": {
                "x": 2503.908935546875,
                "y": 205.37049865722656,
                "z": -1146.1529541015625
            },
            "spawnFaceFwd": {
                "x": -0.5301307439804077,
                "z": -0.8479158878326416
            },
            "hairColor": {
                "r": 0.29019609093666077,
                "g": 0.3176470696926117,
                "b": 0.3529411852359772,
                "a": 1.0
            },
            "bodyColors": [
                {
                    "r": 0.9058823585510254,
                    "g": 0.7882353067398071,
                    "b": 0.7333333492279053,
                    "a": 1.0
                },
                {
                    "r": 0.42352941632270813,
                    "g": 0.4627451002597809,
                    "b": 0.5647059082984924,
                    "a": 1.0
                },
                {
                    "r": 0.6745098233222961,
                    "g": 0.6666666865348816,
                    "b": 0.6549019813537598,
                    "a": 1.0
                },
                {
                    "r": 0.2980392277240753,
                    "g": 0.27843138575553894,
                    "b": 0.3176470696926117,
                    "a": 1.0
                }
            ],
            "instanceId": 80001
        },
        {
            "crowdTypeID": 119,
            "spawnPosition": {
                "x": 2502.968994140625,
                "y": 205.37840270996094,
                "z": -1147.301025390625
            },
            "spawnFaceFwd": {
                "x": 0.6170661449432373,
                "z": 0.7869113087654114
            },
            "hairColor": {
                "r": 0.25882354378700256,
                "g": 0.25882354378700256,
                "b": 0.25882354378700256,
                "a": 1.0
            },
            "bodyColors": [
                {
                    "r": 0.9058823585510254,
                    "g": 0.7882353067398071,
                    "b": 0.7333333492279053,
                    "a": 1.0
                },
                {
                    "r": 0.2980392277240753,
                    "g": 0.27843138575553894,
                    "b": 0.3176470696926117,
                    "a": 1.0
                },
                {
                    "r": 0.42352941632270813,
                    "g": 0.4627451002597809,
                    "b": 0.5647059082984924,
                    "a": 1.0
                },
                {
                    "r": 0.6745098233222961,
                    "g": 0.6666666865348816,
                    "b": 0.6549019813537598,
                    "a": 1.0
                }
            ],
            "instanceId": 80002
        },
        {
            "crowdTypeID": 248,
            "spawnPosition": {
                "x": 2506.14599609375,
                "y": 203.86050415039062,
                "z": -1131.54296875
            },
            "spawnFaceFwd": {
                "x": -0.9091300964355469,
                "z": 0.4165121912956238
            },
            "hairColor": {
                "r": 0.3960784375667572,
                "g": 0.27843138575553894,
                "b": 0.1882352977991104,
                "a": 1.0
            },
            "bodyColors": [
                {
                    "r": 0.9333333373069763,
                    "g": 0.8666666746139526,
                    "b": 0.843137264251709,
                    "a": 1.0
                },
                {
                    "r": 0.20392157137393951,
                    "g": 0.27450981736183167,
                    "b": 0.3921568691730499,
                    "a": 1.0
                },
                {
                    "r": 0.4901960790157318,
                    "g": 0.19607843458652496,
                    "b": 0.239215686917305,
                    "a": 1.0
                },
                {
                    "r": 0.8627451062202454,
                    "g": 0.8549019694328308,
                    "b": 0.8039215803146362,
                    "a": 1.0
                }
            ],
            "instanceId": 80003
        },
        {
            "crowdTypeID": 93,
            "animConfigID": 1,
            "spawnPosition": {
                "x": 2513.00390625,
                "y": 202.48489379882812,
                "z": -1128.2430419921875
            },
            "spawnFaceFwd": {
                "x": -0.6902751326560974,
                "z": 0.7235469818115234
            },
            "hairColor": {
                "r": 0.3960784375667572,
                "g": 0.27843138575553894,
                "b": 0.1882352977991104,
                "a": 1.0
            },
            "bodyColors": [
                {
                    "r": 0.9333333373069763,
                    "g": 0.8666666746139526,
                    "b": 0.843137264251709,
                    "a": 1.0
                },
                {
                    "r": 0.8235294222831726,
                    "g": 0.8235294222831726,
                    "b": 0.8235294222831726,
                    "a": 1.0
                },
                {
                    "r": 0.4431372582912445,
                    "g": 0.3960784375667572,
                    "b": 0.4941176474094391,
                    "a": 1.0
                },
                {
                    "r": 0.3686274588108063,
                    "g": 0.24313725531101227,
                    "b": 0.24313725531101227,
                    "a": 1.0
                }
            ],
            "instanceId": 80004
        },
        {
            "crowdTypeID": 96,
            "spawnPosition": {
                "x": 2512.01806640625,
                "y": 202.4980010986328,
                "z": -1129.0789794921875
            },
            "spawnFaceFwd": {
                "x": -0.7086006999015808,
                "z": 0.7056096792221069
            },
            "hairColor": {
                "r": 0.8392156958580017,
                "g": 0.8392156958580017,
                "b": 0.8392156958580017,
                "a": 1.0
            },
            "bodyColors": [
                {
                    "r": 0.9058823585510254,
                    "g": 0.7882353067398071,
                    "b": 0.7333333492279053,
                    "a": 1.0
                },
                {
                    "r": 0.6352941393852234,
                    "g": 0.6196078658103943,
                    "b": 0.6549019813537598,
                    "a": 1.0
                },
                {
                    "r": 0.22745098173618317,
                    "g": 0.2549019753932953,
                    "b": 0.33725491166114807,
                    "a": 1.0
                },
                {
                    "r": 0.3333333432674408,
                    "g": 0.364705890417099,
                    "b": 0.43529412150382996,
                    "a": 1.0
                }
            ],
            "instanceId": 80005
        },
        {
            "crowdTypeID": 114,
            "animConfigID": 6,
            "spawnPosition": {
                "x": 2517.243896484375,
                "y": 202.58689880371094,
                "z": -1129.7960205078125
            },
            "spawnFaceFwd": {
                "x": 0.4305093586444855,
                "z": 0.9025861024856567
            },
            "hairColor": {
                "r": 0.4274509847164154,
                "g": 0.37254902720451355,
                "b": 0.3019607961177826,
                "a": 1.0
            },
            "bodyColors": [
                {
                    "r": 0.9333333373069763,
                    "g": 0.8666666746139526,
                    "b": 0.843137264251709,
                    "a": 1.0
                },
                {
                    "r": 0.772549033164978,
                    "g": 0.7607843279838562,
                    "b": 0.7450980544090271,
                    "a": 1.0
                },
                {
                    "r": 0.5882353186607361,
                    "g": 0.4156862795352936,
                    "b": 0.4156862795352936,
                    "a": 1.0
                },
                {
                    "r": 0.2862745225429535,
                    "g": 0.21568627655506134,
                    "b": 0.21568627655506134,
                    "a": 1.0
                }
            ],
            "instanceId": 80008
        },
        {
            "crowdTypeID": 97,
            "animConfigID": 1,
            "spawnPosition": {
                "x": 2518.055908203125,
                "y": 202.6230926513672,
                "z": -1128.864013671875
            },
            "spawnFaceFwd": {
                "x": -0.7996280789375305,
                "z": -0.6004955768585205
            },
            "hairColor": {
                "r": 0.4274509847164154,
                "g": 0.37254902720451355,
                "b": 0.3019607961177826,
                "a": 1.0
            },
            "bodyColors": [
                {
                    "r": 0.9333333373069763,
                    "g": 0.8666666746139526,
                    "b": 0.843137264251709,
                    "a": 1.0
                },
                {
                    "r": 0.5882353186607361,
                    "g": 0.4156862795352936,
                    "b": 0.4156862795352936,
                    "a": 1.0
                },
                {
                    "r": 0.2862745225429535,
                    "g": 0.21568627655506134,
                    "b": 0.21568627655506134,
                    "a": 1.0
                },
                {
                    "r": 0.772549033164978,
                    "g": 0.7607843279838562,
                    "b": 0.7450980544090271,
                    "a": 1.0
                }
            ],
            "instanceId": 80009
        },
        {
            "crowdTypeID": 92,
            "spawnPosition": {
                "x": 2513.80908203125,
                "y": 202.91799926757812,
                "z": -1140.114990234375
            },
            "spawnFaceFwd": {
                "x": 0.17019902169704437,
                "z": -0.9854097366333008
            },
            "hairColor": {
                "r": 0.3960784375667572,
                "g": 0.27843138575553894,
                "b": 0.1882352977991104,
                "a": 1.0
            },
            "bodyColors": [
                {
                    "r": 0.9333333373069763,
                    "g": 0.8666666746139526,
                    "b": 0.843137264251709,
                    "a": 1.0
                },
                {
                    "r": 0.22745098173618317,
                    "g": 0.2549019753932953,
                    "b": 0.33725491166114807,
                    "a": 1.0
                },
                {
                    "r": 0.3333333432674408,
                    "g": 0.364705890417099,
                    "b": 0.43529412150382996,
                    "a": 1.0
                },
                {
                    "r": 0.6352941393852234,
                    "g": 0.6196078658103943,
                    "b": 0.6549019813537598,
                    "a": 1.0
                }
            ],
            "instanceId": 80010
        },
        {
            "crowdTypeID": 89,
            "animConfigID": 2,
            "spawnPosition": {
                "x": 2513.89208984375,
                "y": 202.92030334472656,
                "z": -1141.3360595703125
            },
            "spawnFaceFwd": {
                "x": -0.14239409565925598,
                "y": -0.061062783002853394,
                "z": 0.9879246950149536
            },
            "hairColor": {
                "r": 0.29019609093666077,
                "g": 0.3176470696926117,
                "b": 0.3529411852359772,
                "a": 1.0
            },
            "bodyColors": [
                {
                    "r": 0.9333333373069763,
                    "g": 0.8666666746139526,
                    "b": 0.843137264251709,
                    "a": 1.0
                },
                {
                    "r": 0.8039215803146362,
                    "g": 0.7254902124404907,
                    "b": 0.6941176652908325,
                    "a": 1.0
                },
                {
                    "r": 0.572549045085907,
                    "g": 0.5176470875740051,
                    "b": 0.5803921818733215,
                    "a": 1.0
                },
                {
                    "r": 0.23529411852359772,
                    "g": 0.2549019753932953,
                    "b": 0.30980393290519714,
                    "a": 1.0
                }
            ],
            "instanceId": 80011
        }
    ]
}