{
  "crowdSpawnInfos": [
    {
      "crowdTypeID": 151,
      "animConfigID": 6,
      "spawnPosition": {
        "x": -3101.469970703125,
        "y": 214.8311004638672,
        "z": -4289.166015625
      },
      "spawnFaceFwd": {
        "x": -0.4192143678665161,
        "z": 0.9078872799873352
      },
      "hairColor": {
        "r": 0.25882354378700256,
        "g": 0.25882354378700256,
        "b": 0.25882354378700256,
        "a": 1.0
      },
      "bodyColors": [
        {
          "r": 0.9058823585510254,
          "g": 0.7882353067398071,
          "b": 0.7333333492279053,
          "a": 1.0
        },
        {
          "r": 0.4156862795352936,
          "g": 0.45490196347236633,
          "b": 0.4745098054409027,
          "a": 1.0
        },
        {
          "r": 0.6352941393852234,
          "g": 0.6117647290229797,
          "b": 0.5921568870544434,
          "a": 1.0
        },
        {
          "r": 0.2980392277240753,
          "g": 0.27450981736183167,
          "b": 0.25882354378700256,
          "a": 1.0
        }
      ],
      "instanceId": 170001
    },
    {
      "crowdTypeID": 143,
      "animConfigID": 1,
      "spawnPosition": {
        "x": -3101.43408203125,
        "y": 214.8572998046875,
        "z": -4290.703125
      },
      "spawnFaceFwd": {
        "x": 0.7583596706390381,
        "z": 0.6518363356590271
      },
      "hairColor": {
        "r": 0.5215686559677124,
        "g": 0.40392157435417175,
        "b": 0.2549019753932953,
        "a": 1.0
      },
      "bodyColors": [
        {
          "r": 0.9058823585510254,
          "g": 0.7882353067398071,
          "b": 0.7333333492279053,
          "a": 1.0
        },
        {
          "r": 0.5529412031173706,
          "g": 0.615686297416687,
          "b": 0.7137255072593689,
          "a": 1.0
        },
        {
          "r": 0.250980406999588,
          "g": 0.2549019753932953,
          "b": 0.32156863808631897,
          "a": 1.0
        },
        {
          "r": 0.5607843399047852,
          "g": 0.4941176474094391,
          "b": 0.4313725531101227,
          "a": 1.0
        }
      ],
      "instanceId": 170002
    },
    {
      "crowdTypeID": 140,
      "animConfigID": 2,
      "spawnPosition": {
        "x": -3100.677978515625,
        "y": 214.7393035888672,
        "z": -4290.14013671875
      },
      "spawnFaceFwd": {
        "x": -0.9916901588439941,
        "z": -0.1286487579345703
      },
      "hairColor": {
        "r": 0.3960784375667572,
        "g": 0.27843138575553894,
        "b": 0.1882352977991104,
        "a": 1.0
      },
      "bodyColors": [
        {
          "r": 0.9058823585510254,
          "g": 0.7882353067398071,
          "b": 0.7333333492279053,
          "a": 1.0
        },
        {
          "r": 0.4156862795352936,
          "g": 0.45490196347236633,
          "b": 0.4745098054409027,
          "a": 1.0
        },
        {
          "r": 0.6352941393852234,
          "g": 0.6117647290229797,
          "b": 0.5921568870544434,
          "a": 1.0
        },
        {
          "r": 0.2980392277240753,
          "g": 0.27450981736183167,
          "b": 0.25882354378700256,
          "a": 1.0
        }
      ],
      "instanceId": 170003
    },
    {
      "crowdTypeID": 152,
      "animConfigID": 13,
      "spawnPosition": {
        "x": -3100.200927734375,
        "y": 214.7393035888672,
        "z": -4291.88623046875
      },
      "spawnFaceFwd": {
        "x": -0.32786643505096436,
        "z": 0.9447240829467773
      },
      "hairColor": {
        "r": 0.4274509847164154,
        "g": 0.37254902720451355,
        "b": 0.3019607961177826,
        "a": 1.0
      },
      "bodyColors": [
        {
          "r": 0.9058823585510254,
          "g": 0.7882353067398071,
          "b": 0.7333333492279053,
          "a": 1.0
        },
        {
          "r": 0.7450980544090271,
          "g": 0.6941176652908325,
          "b": 0.6431372761726379,
          "a": 1.0
        },
        {
          "r": 0.34117648005485535,
          "g": 0.2666666805744171,
          "b": 0.24705882370471954,
          "a": 1.0
        },
        {
          "r": 0.48627451062202454,
          "g": 0.38823530077934265,
          "b": 0.3019607961177826,
          "a": 1.0
        }
      ],
      "instanceId": 170004
    },
    {
      "crowdTypeID": 155,
      "spawnPosition": {
        "x": -3096.125,
        "y": 214.7393035888672,
        "z": -4287.3779296875
      },
      "spawnFaceFwd": {
        "x": -0.8284358382225037,
        "z": 0.5600839853286743
      },
      "hairColor": {
        "r": 0.4274509847164154,
        "g": 0.37254902720451355,
        "b": 0.3019607961177826,
        "a": 1.0
      },
      "bodyColors": [
        {
          "r": 0.9058823585510254,
          "g": 0.7882353067398071,
          "b": 0.7333333492279053,
          "a": 1.0
        },
        {
          "r": 0.2980392277240753,
          "g": 0.27450981736183167,
          "b": 0.25882354378700256,
          "a": 1.0
        },
        {
          "r": 0.4156862795352936,
          "g": 0.45490196347236633,
          "b": 0.4745098054409027,
          "a": 1.0
        },
        {
          "r": 0.6352941393852234,
          "g": 0.6117647290229797,
          "b": 0.5921568870544434,
          "a": 1.0
        }
      ],
      "instanceId": 170005
    },
    {
      "crowdTypeID": 153,
      "animConfigID": 12,
      "spawnPosition": {
        "x": -3096.965087890625,
        "y": 214.62640380859375,
        "z": -4286.3662109375
      },
      "spawnFaceFwd": {
        "x": 0.5080465078353882,
        "z": -0.8613295555114746
      },
      "hairColor": {
        "r": 0.29019609093666077,
        "g": 0.3176470696926117,
        "b": 0.3529411852359772,
        "a": 1.0
      },
      "bodyColors": [
        {
          "r": 0.9058823585510254,
          "g": 0.7882353067398071,
          "b": 0.7333333492279053,
          "a": 1.0
        },
        {
          "r": 0.545098066329956,
          "g": 0.3529411852359772,
          "b": 0.37254902720451355,
          "a": 1.0
        },
        {
          "r": 0.7411764860153198,
          "g": 0.686274528503418,
          "b": 0.615686297416687,
          "a": 1.0
        },
        {
          "r": 0.3176470696926117,
          "g": 0.2666666805744171,
          "b": 0.23137255012989044,
          "a": 1.0
        }
      ],
      "instanceId": 170006
    },
    {
      "crowdTypeID": 146,
      "animConfigID": 1,
      "spawnPosition": {
        "x": -3104.8349609375,
        "y": 214.9116973876953,
        "z": -4288.23095703125
      },
      "spawnFaceFwd": {
        "x": 0.480633944272995,
        "z": -0.8769212961196899
      },
      "hairColor": {
        "r": 0.4274509847164154,
        "g": 0.37254902720451355,
        "b": 0.3019607961177826,
        "a": 1.0
      },
      "bodyColors": [
        {
          "r": 0.9058823585510254,
          "g": 0.7882353067398071,
          "b": 0.7333333492279053,
          "a": 1.0
        },
        {
          "r": 0.5529412031173706,
          "g": 0.615686297416687,
          "b": 0.7137255072593689,
          "a": 1.0
        },
        {
          "r": 0.250980406999588,
          "g": 0.2549019753932953,
          "b": 0.32156863808631897,
          "a": 1.0
        },
        {
          "r": 0.5607843399047852,
          "g": 0.4941176474094391,
          "b": 0.4313725531101227,
          "a": 1.0
        }
      ],
      "instanceId": 170007
    },
    {
      "crowdTypeID": 157,
      "animConfigID": 1,
      "spawnPosition": {
        "x": -3104.52197265625,
        "y": 214.8907928466797,
        "z": -4289.3779296875
      },
      "spawnFaceFwd": {
        "x": 0.24565118551254272,
        "z": 0.9693582653999329
      },
      "hairColor": {
        "r": 0.25882354378700256,
        "g": 0.25882354378700256,
        "b": 0.25882354378700256,
        "a": 1.0
      },
      "bodyColors": [
        {
          "r": 0.9058823585510254,
          "g": 0.7882353067398071,
          "b": 0.7333333492279053,
          "a": 1.0
        },
        {
          "r": 0.7450980544090271,
          "g": 0.6941176652908325,
          "b": 0.6431372761726379,
          "a": 1.0
        },
        {
          "r": 0.48627451062202454,
          "g": 0.38823530077934265,
          "b": 0.3019607961177826,
          "a": 1.0
        },
        {
          "r": 0.34117648005485535,
          "g": 0.2666666805744171,
          "b": 0.24705882370471954,
          "a": 1.0
        }
      ],
      "instanceId": 170008
    }
  ]
}