{
  "crowdSpawnInfos": [
    {
      "crowdTypeID": 419,
      "spawnPosition": {
        "x": -1872.7569580078125,
        "y": 54.15896987915039,
        "z": 9113.318359375
      },
      "spawnFaceFwd": {
        "x": 0.7907504439353943,
        "z": -0.6121386289596558
      },
      "hairColor": {
        "r": 0.8392156958580017,
        "g": 0.8392156958580017,
        "b": 0.8392156958580017,
        "a": 1.0
      },
      "bodyColors": [
        {
          "r": 0.9058823585510254,
          "g": 0.7882353067398071,
          "b": 0.7333333492279053,
          "a": 1.0
        },
        {
          "r": 0.7960784435272217,
          "g": 0.7490196228027344,
          "b": 0.6941176652908325,
          "a": 1.0
        },
        {
          "r": 0.30980393290519714,
          "g": 0.24705882370471954,
          "b": 0.34117648005485535,
          "a": 1.0
        },
        {
          "r": 0.5058823823928833,
          "g": 0.43921568989753723,
          "b": 0.5607843399047852,
          "a": 1.0
        }
      ],
      "instanceId": 20007
    },
    {
      "crowdTypeID": 417,
      "animConfigID": 6,
      "spawnPosition": {
        "x": -1886.2220458984375,
        "y": 54.16423034667969,
        "z": 9123.646484375
      },
      "spawnFaceFwd": {
        "x": -0.8581178784370422,
        "z": 0.5134527683258057
      },
      "hairColor": {
        "r": 0.25882354378700256,
        "g": 0.25882354378700256,
        "b": 0.25882354378700256,
        "a": 1.0
      },
      "bodyColors": [
        {
          "r": 0.9058823585510254,
          "g": 0.7882353067398071,
          "b": 0.7333333492279053,
          "a": 1.0
        },
        {
          "r": 0.7960784435272217,
          "g": 0.7490196228027344,
          "b": 0.6941176652908325,
          "a": 1.0
        },
        {
          "r": 0.5058823823928833,
          "g": 0.43921568989753723,
          "b": 0.5607843399047852,
          "a": 1.0
        },
        {
          "r": 0.30980393290519714,
          "g": 0.24705882370471954,
          "b": 0.34117648005485535,
          "a": 1.0
        }
      ],
      "instanceId": 20008
    },
    {
      "crowdTypeID": 410,
      "animConfigID": 2,
      "spawnPosition": {
        "x": -1899.5419921875,
        "y": 52.24229049682617,
        "z": 9104.2451171875
      },
      "spawnFaceFwd": {
        "x": 0.9996116161346436,
        "y": 0.021256104111671448,
        "z": 0.01802634634077549
      },
      "hairColor": {
        "r": 0.5215686559677124,
        "g": 0.40392157435417175,
        "b": 0.2549019753932953,
        "a": 1.0
      },
      "bodyColors": [
        {
          "r": 0.9058823585510254,
          "g": 0.7882353067398071,
          "b": 0.7333333492279053,
          "a": 1.0
        },
        {
          "r": 0.7960784435272217,
          "g": 0.7490196228027344,
          "b": 0.6941176652908325,
          "a": 1.0
        },
        {
          "r": 0.5058823823928833,
          "g": 0.43921568989753723,
          "b": 0.5607843399047852,
          "a": 1.0
        },
        {
          "r": 0.30980393290519714,
          "g": 0.24705882370471954,
          "b": 0.34117648005485535,
          "a": 1.0
        }
      ],
      "instanceId": 20009
    },
    {
      "crowdTypeID": 416,
      "animConfigID": 3,
      "spawnPosition": {
        "x": -1898.0030517578125,
        "y": 52.24229049682617,
        "z": 9104.40625
      },
      "spawnFaceFwd": {
        "x": -0.9712241291999817,
        "z": -0.23816752433776855
      },
      "hairColor": {
        "r": 0.25882354378700256,
        "g": 0.25882354378700256,
        "b": 0.25882354378700256,
        "a": 1.0
      },
      "bodyColors": [
        {
          "r": 0.9058823585510254,
          "g": 0.7882353067398071,
          "b": 0.7333333492279053,
          "a": 1.0
        },
        {
          "r": 0.8196078538894653,
          "g": 0.7882353067398071,
          "b": 0.7450980544090271,
          "a": 1.0
        },
        {
          "r": 0.47843137383461,
          "g": 0.5490196347236633,
          "b": 0.3294117748737335,
          "a": 1.0
        },
        {
          "r": 0.3294117748737335,
          "g": 0.3294117748737335,
          "b": 0.20392157137393951,
          "a": 1.0
        }
      ],
      "instanceId": 20010
    },
    {
      "crowdTypeID": 412,
      "animConfigID": 1,
      "spawnPosition": {
        "x": -1888.85302734375,
        "y": 52.24229049682617,
        "z": 9090.3818359375
      },
      "spawnFaceFwd": {
        "x": 0.6302396655082703,
        "y": 0.05283975973725319,
        "z": 0.7746005058288574
      },
      "hairColor": {
        "r": 0.5215686559677124,
        "g": 0.40392157435417175,
        "b": 0.2549019753932953,
        "a": 1.0
      },
      "bodyColors": [
        {
          "r": 0.9058823585510254,
          "g": 0.7882353067398071,
          "b": 0.7333333492279053,
          "a": 1.0
        },
        {
          "r": 0.7960784435272217,
          "g": 0.7490196228027344,
          "b": 0.6941176652908325,
          "a": 1.0
        },
        {
          "r": 0.5058823823928833,
          "g": 0.43921568989753723,
          "b": 0.5607843399047852,
          "a": 1.0
        },
        {
          "r": 0.30980393290519714,
          "g": 0.24705882370471954,
          "b": 0.34117648005485535,
          "a": 1.0
        }
      ],
      "instanceId": 20011
    },
    {
      "crowdTypeID": 471,
      "animConfigID": 3,
      "spawnPosition": {
        "x": -1883.3890380859375,
        "y": 53.38407897949219,
        "z": 9095.87109375
      },
      "spawnFaceFwd": {
        "x": 0.7574567198753357,
        "z": -0.6528855562210083
      },
      "sitOnChair": true,
      "hairColor": {
        "r": 0.25882354378700256,
        "g": 0.25882354378700256,
        "b": 0.25882354378700256,
        "a": 1.0
      },
      "bodyColors": [
        {
          "r": 0.9058823585510254,
          "g": 0.7882353067398071,
          "b": 0.7333333492279053,
          "a": 1.0
        },
        {
          "r": 0.8313725590705872,
          "g": 0.7490196228027344,
          "b": 0.7372549176216125,
          "a": 1.0
        },
        {
          "r": 0.7019608020782471,
          "g": 0.49803921580314636,
          "b": 0.4117647111415863,
          "a": 1.0
        },
        {
          "r": 0.34117648005485535,
          "g": 0.1921568661928177,
          "b": 0.1882352977991104,
          "a": 1.0
        }
      ],
      "instanceId": 20013
    },
    {
      "crowdTypeID": 456,
      "animConfigID": 2,
      "spawnPosition": {
        "x": -1880.8280029296875,
        "y": 53.37643051147461,
        "z": 9093.37109375
      },
      "spawnFaceFwd": {
        "x": -0.6236587166786194,
        "z": 0.7816967368125916
      },
      "sitOnChair": true,
      "hairColor": {
        "r": 0.5215686559677124,
        "g": 0.40392157435417175,
        "b": 0.2549019753932953,
        "a": 1.0
      },
      "bodyColors": [
        {
          "r": 0.9058823585510254,
          "g": 0.7882353067398071,
          "b": 0.7333333492279053,
          "a": 1.0
        },
        {
          "r": 0.8627451062202454,
          "g": 0.8509804010391235,
          "b": 0.8156862854957581,
          "a": 1.0
        },
        {
          "r": 0.7764706015586853,
          "g": 0.6274510025978088,
          "b": 0.4313725531101227,
          "a": 1.0
        },
        {
          "r": 0.4901960790157318,
          "g": 0.3607843220233917,
          "b": 0.27450981736183167,
          "a": 1.0
        }
      ],
      "instanceId": 20014
    }
  ]
}