{
  "crowdSpawnInfos": [
    {
      "crowdTypeID": 460,
      "animConfigID": 2,
      "spawnPosition": {
        "x": -2086.053955078125,
        "y": 309.55609130859375,
        "z": 8410.0009765625
      },
      "spawnFaceFwd": {
        "x": 0.8361618518829346,
        "z": 0.5484827756881714
      },
      "sitOnChair": true,
      "hairColor": {
        "r": 0.5215686559677124,
        "g": 0.40392157435417175,
        "b": 0.2549019753932953,
        "a": 1.0
      },
      "bodyColors": [
        {
          "r": 0.9058823585510254,
          "g": 0.7882353067398071,
          "b": 0.7333333492279053,
          "a": 1.0
        },
        {
          "r": 0.47843137383461,
          "g": 0.5490196347236633,
          "b": 0.3294117748737335,
          "a": 1.0
        },
        {
          "r": 0.8196078538894653,
          "g": 0.7882353067398071,
          "b": 0.7450980544090271,
          "a": 1.0
        },
        {
          "r": 0.3294117748737335,
          "g": 0.3294117748737335,
          "b": 0.20392157137393951,
          "a": 1.0
        }
      ],
      "instanceId": 70001
    },
    {
      "crowdTypeID": 468,
      "animConfigID": 3,
      "spawnPosition": {
        "x": -2085.47802734375,
        "y": 309.6130065917969,
        "z": 8409.4404296875
      },
      "spawnFaceFwd": {
        "x": 0.7929132580757141,
        "z": 0.6093345284461975
      },
      "sitOnChair": true,
      "hairColor": {
        "r": 0.25882354378700256,
        "g": 0.25882354378700256,
        "b": 0.25882354378700256,
        "a": 1.0
      },
      "bodyColors": [
        {
          "r": 0.9058823585510254,
          "g": 0.7882353067398071,
          "b": 0.7333333492279053,
          "a": 1.0
        },
        {
          "r": 0.8196078538894653,
          "g": 0.7882353067398071,
          "b": 0.7450980544090271,
          "a": 1.0
        },
        {
          "r": 0.47843137383461,
          "g": 0.5490196347236633,
          "b": 0.3294117748737335,
          "a": 1.0
        },
        {
          "r": 0.3294117748737335,
          "g": 0.3294117748737335,
          "b": 0.20392157137393951,
          "a": 1.0
        }
      ],
      "instanceId": 70002
    },
    {
      "crowdTypeID": 445,
      "animConfigID": 2,
      "spawnPosition": {
        "x": -2180.14697265625,
        "y": 282.7901916503906,
        "z": 8443.375
      },
      "spawnFaceFwd": {
        "x": -0.31436827778816223,
        "z": 0.9493011236190796
      },
      "hairColor": {
        "r": 0.5215686559677124,
        "g": 0.40392157435417175,
        "b": 0.2549019753932953,
        "a": 1.0
      },
      "bodyColors": [
        {
          "r": 0.7921568751335144,
          "g": 0.6549019813537598,
          "b": 0.5843137502670288,
          "a": 1.0
        },
        {
          "r": 0.8313725590705872,
          "g": 0.7490196228027344,
          "b": 0.7372549176216125,
          "a": 1.0
        },
        {
          "r": 0.7019608020782471,
          "g": 0.49803921580314636,
          "b": 0.4117647111415863,
          "a": 1.0
        },
        {
          "r": 0.34117648005485535,
          "g": 0.1921568661928177,
          "b": 0.1882352977991104,
          "a": 1.0
        }
      ],
      "instanceId": 70003
    },
    {
      "crowdTypeID": 456,
      "animConfigID": 2,
      "spawnPosition": {
        "x": -2138.735107421875,
        "y": 241.0428009033203,
        "z": 8462.134765625
      },
      "spawnFaceFwd": {
        "x": -0.42155635356903076,
        "z": 0.9068021774291992
      },
      "sitOnChair": true,
      "hairColor": {
        "r": 0.25882354378700256,
        "g": 0.25882354378700256,
        "b": 0.25882354378700256,
        "a": 1.0
      },
      "bodyColors": [
        {
          "r": 0.9058823585510254,
          "g": 0.7882353067398071,
          "b": 0.7333333492279053,
          "a": 1.0
        },
        {
          "r": 0.8196078538894653,
          "g": 0.7882353067398071,
          "b": 0.7450980544090271,
          "a": 1.0
        },
        {
          "r": 0.47843137383461,
          "g": 0.5490196347236633,
          "b": 0.3294117748737335,
          "a": 1.0
        },
        {
          "r": 0.3294117748737335,
          "g": 0.3294117748737335,
          "b": 0.20392157137393951,
          "a": 1.0
        }
      ],
      "instanceId": 70006
    },
    {
      "crowdTypeID": 438,
      "animConfigID": 1,
      "spawnPosition": {
        "x": -2079.883056640625,
        "y": 239.9969940185547,
        "z": 8465.888671875
      },
      "spawnFaceFwd": {
        "x": -0.09731706231832504,
        "z": -0.9952535629272461
      },
      "hairColor": {
        "r": 0.25882354378700256,
        "g": 0.25882354378700256,
        "b": 0.25882354378700256,
        "a": 1.0
      },
      "bodyColors": [
        {
          "r": 0.9058823585510254,
          "g": 0.7882353067398071,
          "b": 0.7333333492279053,
          "a": 1.0
        },
        {
          "r": 0.8313725590705872,
          "g": 0.7490196228027344,
          "b": 0.7372549176216125,
          "a": 1.0
        },
        {
          "r": 0.7019608020782471,
          "g": 0.49803921580314636,
          "b": 0.4117647111415863,
          "a": 1.0
        },
        {
          "r": 0.34117648005485535,
          "g": 0.1921568661928177,
          "b": 0.1882352977991104,
          "a": 1.0
        }
      ],
      "instanceId": 70007
    },
    {
      "crowdTypeID": 415,
      "animConfigID": 4,
      "spawnPosition": {
        "x": -2079.863037109375,
        "y": 239.9272003173828,
        "z": 8464.4560546875
      },
      "spawnFaceFwd": {
        "x": 0.19370204210281372,
        "y": 0.19083818793296814,
        "z": 0.9623202681541443
      },
      "hairColor": {
        "r": 0.5215686559677124,
        "g": 0.40392157435417175,
        "b": 0.2549019753932953,
        "a": 1.0
      },
      "bodyColors": [
        {
          "r": 0.9058823585510254,
          "g": 0.7882353067398071,
          "b": 0.7333333492279053,
          "a": 1.0
        },
        {
          "r": 0.8196078538894653,
          "g": 0.7882353067398071,
          "b": 0.7450980544090271,
          "a": 1.0
        },
        {
          "r": 0.47843137383461,
          "g": 0.5490196347236633,
          "b": 0.3294117748737335,
          "a": 1.0
        },
        {
          "r": 0.3294117748737335,
          "g": 0.3294117748737335,
          "b": 0.20392157137393951,
          "a": 1.0
        }
      ],
      "instanceId": 70008
    },
    {
      "crowdTypeID": 459,
      "animConfigID": 2,
      "spawnPosition": {
        "x": -2110.093994140625,
        "y": 229.37339782714844,
        "z": 8448.7099609375
      },
      "spawnFaceFwd": {
        "x": -0.277542382478714,
        "z": 0.9607133865356445
      },
      "sitOnChair": true,
      "hairColor": {
        "r": 0.4274509847164154,
        "g": 0.37254902720451355,
        "b": 0.3019607961177826,
        "a": 1.0
      },
      "bodyColors": [
        {
          "r": 0.9058823585510254,
          "g": 0.7882353067398071,
          "b": 0.7333333492279053,
          "a": 1.0
        },
        {
          "r": 0.8313725590705872,
          "g": 0.7490196228027344,
          "b": 0.7372549176216125,
          "a": 1.0
        },
        {
          "r": 0.7019608020782471,
          "g": 0.49803921580314636,
          "b": 0.4117647111415863,
          "a": 1.0
        },
        {
          "r": 0.34117648005485535,
          "g": 0.1921568661928177,
          "b": 0.1882352977991104,
          "a": 1.0
        }
      ],
      "instanceId": 70009
    }
  ]
}