{
    "crowdSpawnInfos": [
        {
            "crowdTypeID": 72,
            "animConfigID": 9,
            "spawnPosition": {
                "x": 2332.951904296875,
                "y": 335.235595703125,
                "z": 2411.662109375
            },
            "spawnFaceFwd": {
                "x": -0.9690483212471008,
                "z": -0.24687063694000244
            },
            "sitOnChair": true,
            "hairColor": {
                "r": 0.25882354378700256,
                "g": 0.25882354378700256,
                "b": 0.25882354378700256,
                "a": 1.0
            },
            "bodyColors": [
                {
                    "r": 0.9333333373069763,
                    "g": 0.8666666746139526,
                    "b": 0.843137264251709,
                    "a": 1.0
                },
                {
                    "r": 0.572549045085907,
                    "g": 0.5176470875740051,
                    "b": 0.5803921818733215,
                    "a": 1.0
                },
                {
                    "r": 0.8039215803146362,
                    "g": 0.7254902124404907,
                    "b": 0.6941176652908325,
                    "a": 1.0
                },
                {
                    "r": 0.23529411852359772,
                    "g": 0.2549019753932953,
                    "b": 0.30980393290519714,
                    "a": 1.0
                }
            ],
            "instanceId": 20001
        },
        {
            "crowdTypeID": 69,
            "spawnPosition": {
                "x": 2335.79296875,
                "y": 329.5107116699219,
                "z": 2399.5009765625
            },
            "spawnFaceFwd": {
                "x": 0.3782915771007538,
                "z": 0.9256864786148071
            },
            "hairColor": {
                "r": 0.25882354378700256,
                "g": 0.25882354378700256,
                "b": 0.25882354378700256,
                "a": 1.0
            },
            "bodyColors": [
                {
                    "r": 0.9058823585510254,
                    "g": 0.7882353067398071,
                    "b": 0.7333333492279053,
                    "a": 1.0
                },
                {
                    "r": 0.47843137383461,
                    "g": 0.4470588266849518,
                    "b": 0.3960784375667572,
                    "a": 1.0
                },
                {
                    "r": 0.239215686917305,
                    "g": 0.2666666805744171,
                    "b": 0.29411765933036804,
                    "a": 1.0
                },
                {
                    "r": 0.7568627595901489,
                    "g": 0.7568627595901489,
                    "b": 0.7254902124404907,
                    "a": 1.0
                }
            ],
            "instanceId": 20002
        },
        {
            "crowdTypeID": 84,
            "animConfigID": 13,
            "spawnPosition": {
                "x": 2336.406982421875,
                "y": 329.5997009277344,
                "z": 2400.840087890625
            },
            "spawnFaceFwd": {
                "x": -0.3268220126628876,
                "z": -0.9450857639312744
            },
            "hairColor": {
                "r": 0.25882354378700256,
                "g": 0.25882354378700256,
                "b": 0.25882354378700256,
                "a": 1.0
            },
            "bodyColors": [
                {
                    "r": 0.9058823585510254,
                    "g": 0.7882353067398071,
                    "b": 0.7333333492279053,
                    "a": 1.0
                },
                {
                    "r": 0.41960784792900085,
                    "g": 0.41960784792900085,
                    "b": 0.4117647111415863,
                    "a": 1.0
                },
                {
                    "r": 0.3764705955982208,
                    "g": 0.2823529541492462,
                    "b": 0.2823529541492462,
                    "a": 1.0
                },
                {
                    "r": 0.2549019753932953,
                    "g": 0.26274511218070984,
                    "b": 0.2705882489681244,
                    "a": 1.0
                }
            ],
            "instanceId": 20003
        },
        {
            "crowdTypeID": 124,
            "spawnPosition": {
                "x": 2346.2060546875,
                "y": 335.235595703125,
                "z": 2415.699951171875
            },
            "spawnFaceFwd": {
                "x": 0.9986666440963745,
                "z": -0.05162227153778076
            },
            "hairColor": {
                "r": 0.25882354378700256,
                "g": 0.25882354378700256,
                "b": 0.25882354378700256,
                "a": 1.0
            },
            "bodyColors": [
                {
                    "r": 0.9058823585510254,
                    "g": 0.7882353067398071,
                    "b": 0.7333333492279053,
                    "a": 1.0
                },
                {
                    "r": 0.239215686917305,
                    "g": 0.2666666805744171,
                    "b": 0.29411765933036804,
                    "a": 1.0
                },
                {
                    "r": 0.47843137383461,
                    "g": 0.4470588266849518,
                    "b": 0.3960784375667572,
                    "a": 1.0
                },
                {
                    "r": 0.7568627595901489,
                    "g": 0.7568627595901489,
                    "b": 0.7254902124404907,
                    "a": 1.0
                }
            ],
            "instanceId": 20004
        },
        {
            "crowdTypeID": 80,
            "animConfigID": 9,
            "spawnPosition": {
                "x": 2361.18994140625,
                "y": 338.815185546875,
                "z": 2419.637939453125
            },
            "spawnFaceFwd": {
                "x": 0.06058000400662422,
                "z": -0.9981634616851807
            },
            "sitOnChair": true,
            "hairColor": {
                "r": 0.29019609093666077,
                "g": 0.3176470696926117,
                "b": 0.3529411852359772,
                "a": 1.0
            },
            "bodyColors": [
                {
                    "r": 0.9333333373069763,
                    "g": 0.8666666746139526,
                    "b": 0.843137264251709,
                    "a": 1.0
                },
                {
                    "r": 0.42352941632270813,
                    "g": 0.4627451002597809,
                    "b": 0.5647059082984924,
                    "a": 1.0
                },
                {
                    "r": 0.6745098233222961,
                    "g": 0.6666666865348816,
                    "b": 0.6549019813537598,
                    "a": 1.0
                },
                {
                    "r": 0.2980392277240753,
                    "g": 0.27843138575553894,
                    "b": 0.3176470696926117,
                    "a": 1.0
                }
            ],
            "instanceId": 20005
        },
        {
            "crowdTypeID": 88,
            "spawnPosition": {
                "x": 2361.251953125,
                "y": 338.8063049316406,
                "z": 2418.301025390625
            },
            "spawnFaceFwd": {
                "x": -0.07617080211639404,
                "z": 0.9970948100090027
            },
            "hairColor": {
                "r": 0.29019609093666077,
                "g": 0.3176470696926117,
                "b": 0.3529411852359772,
                "a": 1.0
            },
            "bodyColors": [
                {
                    "r": 0.9333333373069763,
                    "g": 0.8666666746139526,
                    "b": 0.843137264251709,
                    "a": 1.0
                },
                {
                    "r": 0.2980392277240753,
                    "g": 0.27843138575553894,
                    "b": 0.3176470696926117,
                    "a": 1.0
                },
                {
                    "r": 0.42352941632270813,
                    "g": 0.4627451002597809,
                    "b": 0.5647059082984924,
                    "a": 1.0
                },
                {
                    "r": 0.6745098233222961,
                    "g": 0.6666666865348816,
                    "b": 0.6549019813537598,
                    "a": 1.0
                }
            ],
            "instanceId": 20006
        },
        {
            "crowdTypeID": 391,
            "spawnPosition": {
                "x": 2328.80908203125,
                "y": 330.2627868652344,
                "z": 2392.416015625
            },
            "spawnFaceFwd": {
                "x": -0.4519040584564209,
                "z": 0.8920665383338928
            },
            "hairColor": {
                "r": 0.25882354378700256,
                "g": 0.25882354378700256,
                "b": 0.25882354378700256,
                "a": 1.0
            },
            "bodyColors": [
                {
                    "r": 0.9333333373069763,
                    "g": 0.8666666746139526,
                    "b": 0.843137264251709,
                    "a": 1.0
                },
                {
                    "r": 0.42352941632270813,
                    "g": 0.4627451002597809,
                    "b": 0.5647059082984924,
                    "a": 1.0
                },
                {
                    "r": 0.2980392277240753,
                    "g": 0.27843138575553894,
                    "b": 0.3176470696926117,
                    "a": 1.0
                },
                {
                    "r": 0.6745098233222961,
                    "g": 0.6666666865348816,
                    "b": 0.6549019813537598,
                    "a": 1.0
                }
            ],
            "instanceId": 20007
        },
        {
            "crowdTypeID": 396,
            "spawnPosition": {
                "x": 2370.090087890625,
                "y": 338.8063049316406,
                "z": 2405.18798828125
            },
            "spawnFaceFwd": {
                "x": -0.9647988677024841,
                "z": -0.2629890441894531
            },
            "hairColor": {
                "r": 0.25882354378700256,
                "g": 0.25882354378700256,
                "b": 0.25882354378700256,
                "a": 1.0
            },
            "bodyColors": [
                {
                    "r": 1.0,
                    "g": 1.0,
                    "b": 1.0,
                    "a": 1.0
                },
                {
                    "r": 1.0,
                    "g": 1.0,
                    "b": 1.0,
                    "a": 1.0
                },
                {
                    "r": 1.0,
                    "g": 1.0,
                    "b": 1.0,
                    "a": 1.0
                },
                {
                    "r": 1.0,
                    "g": 1.0,
                    "b": 1.0,
                    "a": 1.0
                }
            ],
            "instanceId": 20008
        },
        {
            "crowdTypeID": 66,
            "animConfigID": 12,
            "spawnPosition": {
                "x": 2359.759033203125,
                "y": 338.8063049316406,
                "z": 2413.10107421875
            },
            "spawnFaceFwd": {
                "x": 0.34723371267318726,
                "z": -0.9377787113189697
            },
            "hairColor": {
                "r": 0.25882354378700256,
                "g": 0.25882354378700256,
                "b": 0.25882354378700256,
                "a": 1.0
            },
            "bodyColors": [
                {
                    "r": 0.9058823585510254,
                    "g": 0.7882353067398071,
                    "b": 0.7333333492279053,
                    "a": 1.0
                },
                {
                    "r": 0.4117647111415863,
                    "g": 0.35686275362968445,
                    "b": 0.3960784375667572,
                    "a": 1.0
                },
                {
                    "r": 0.5647059082984924,
                    "g": 0.5490196347236633,
                    "b": 0.5607843399047852,
                    "a": 1.0
                },
                {
                    "r": 0.2666666805744171,
                    "g": 0.2078431397676468,
                    "b": 0.23529411852359772,
                    "a": 1.0
                }
            ],
            "instanceId": 20009
        },
        {
            "crowdTypeID": 78,
            "animConfigID": 8,
            "spawnPosition": {
                "x": 2339.053955078125,
                "y": 330.2626953125,
                "z": 2395.9541015625
            },
            "spawnFaceFwd": {
                "x": 0.9984577894210815,
                "z": 0.05551654100418091
            },
            "hairColor": {
                "r": 0.25882354378700256,
                "g": 0.25882354378700256,
                "b": 0.25882354378700256,
                "a": 1.0
            },
            "bodyColors": [
                {
                    "r": 0.9333333373069763,
                    "g": 0.8666666746139526,
                    "b": 0.843137264251709,
                    "a": 1.0
                },
                {
                    "r": 0.3137255012989044,
                    "g": 0.38823530077934265,
                    "b": 0.47843137383461,
                    "a": 1.0
                },
                {
                    "r": 0.2235294133424759,
                    "g": 0.2705882489681244,
                    "b": 0.3607843220233917,
                    "a": 1.0
                },
                {
                    "r": 0.5686274766921997,
                    "g": 0.572549045085907,
                    "b": 0.6117647290229797,
                    "a": 1.0
                }
            ],
            "instanceId": 20010
        },
        {
            "crowdTypeID": 79,
            "animConfigID": 11,
            "spawnPosition": {
                "x": 2340.160888671875,
                "y": 335.235595703125,
                "z": 2411.614013671875
            },
            "spawnFaceFwd": {
                "x": 0.2111762911081314,
                "z": -0.9774479866027832
            },
            "hairColor": {
                "r": 0.29019609093666077,
                "g": 0.3176470696926117,
                "b": 0.3529411852359772,
                "a": 1.0
            },
            "bodyColors": [
                {
                    "r": 0.9333333373069763,
                    "g": 0.8666666746139526,
                    "b": 0.843137264251709,
                    "a": 1.0
                },
                {
                    "r": 0.239215686917305,
                    "g": 0.2666666805744171,
                    "b": 0.29411765933036804,
                    "a": 1.0
                },
                {
                    "r": 0.7568627595901489,
                    "g": 0.7568627595901489,
                    "b": 0.7254902124404907,
                    "a": 1.0
                },
                {
                    "r": 0.47843137383461,
                    "g": 0.4470588266849518,
                    "b": 0.3960784375667572,
                    "a": 1.0
                }
            ],
            "instanceId": 20011
        }
    ]
}