{
    "crowdSpawnInfos": [
        {
            "crowdTypeID": 345,
            "animConfigID": 2,
            "spawnPosition": {
                "x": 3595.1259765625,
                "y": 435.072509765625,
                "z": 4537.7080078125
            },
            "spawnFaceFwd": {
                "x": -0.6046354174613953,
                "z": -0.7965022325515747
            },
            "hairColor": {
                "r": 0.4274509847164154,
                "g": 0.37254902720451355,
                "b": 0.3019607961177826,
                "a": 1.0
            },
            "bodyColors": [
                {
                    "r": 0.9843137264251709,
                    "g": 0.8941176533699036,
                    "b": 0.8549019694328308,
                    "a": 1.0
                },
                {
                    "r": 0.8117647171020508,
                    "g": 0.7176470756530762,
                    "b": 0.5568627715110779,
                    "a": 1.0
                },
                {
                    "r": 0.42352941632270813,
                    "g": 0.2666666805744171,
                    "b": 0.21960784494876862,
                    "a": 1.0
                },
                {
                    "r": 0.9450980424880981,
                    "g": 0.9333333373069763,
                    "b": 0.9372549057006836,
                    "a": 1.0
                }
            ],
            "instanceId": 70001
        },
        {
            "crowdTypeID": 330,
            "spawnPosition": {
                "x": 3593.958984375,
                "y": 435.072509765625,
                "z": 4536.8798828125
            },
            "spawnFaceFwd": {
                "x": 0.813980758190155,
                "z": -0.5808917284011841
            },
            "hairColor": {
                "r": 0.8392156958580017,
                "g": 0.8392156958580017,
                "b": 0.8392156958580017,
                "a": 1.0
            },
            "bodyColors": [
                {
                    "r": 0.9843137264251709,
                    "g": 0.8941176533699036,
                    "b": 0.8549019694328308,
                    "a": 1.0
                },
                {
                    "r": 0.42352941632270813,
                    "g": 0.2666666805744171,
                    "b": 0.21960784494876862,
                    "a": 1.0
                },
                {
                    "r": 0.8117647171020508,
                    "g": 0.7176470756530762,
                    "b": 0.5568627715110779,
                    "a": 1.0
                },
                {
                    "r": 0.9450980424880981,
                    "g": 0.9333333373069763,
                    "b": 0.9372549057006836,
                    "a": 1.0
                }
            ],
            "instanceId": 70002
        },
        {
            "crowdTypeID": 336,
            "animConfigID": 1,
            "spawnPosition": {
                "x": 3593.028076171875,
                "y": 428.20159912109375,
                "z": 4575.15185546875
            },
            "spawnFaceFwd": {
                "x": -0.7872191667556763,
                "z": -0.6166733503341675
            },
            "hairColor": {
                "r": 0.5215686559677124,
                "g": 0.40392157435417175,
                "b": 0.2549019753932953,
                "a": 1.0
            },
            "bodyColors": [
                {
                    "r": 1.0,
                    "g": 0.9137254953384399,
                    "b": 0.8627451062202454,
                    "a": 1.0
                },
                {
                    "r": 0.8980392217636108,
                    "g": 0.8980392217636108,
                    "b": 0.8313725590705872,
                    "a": 1.0
                },
                {
                    "r": 0.6352941393852234,
                    "g": 0.6039215922355652,
                    "b": 0.4901960790157318,
                    "a": 1.0
                },
                {
                    "r": 0.11764705926179886,
                    "g": 0.29019609093666077,
                    "b": 0.2823529541492462,
                    "a": 1.0
                }
            ],
            "instanceId": 70003
        },
        {
            "crowdTypeID": 328,
            "spawnPosition": {
                "x": 3592.306884765625,
                "y": 428.20111083984375,
                "z": 4573.77880859375
            },
            "spawnFaceFwd": {
                "x": -0.9890089631080627,
                "z": 0.1478556990623474
            },
            "hairColor": {
                "r": 0.8392156958580017,
                "g": 0.8392156958580017,
                "b": 0.8392156958580017,
                "a": 1.0
            },
            "bodyColors": [
                {
                    "r": 0.9843137264251709,
                    "g": 0.8941176533699036,
                    "b": 0.8549019694328308,
                    "a": 1.0
                },
                {
                    "r": 0.6000000238418579,
                    "g": 0.5686274766921997,
                    "b": 0.658823549747467,
                    "a": 1.0
                },
                {
                    "r": 0.3176470696926117,
                    "g": 0.23529411852359772,
                    "b": 0.3176470696926117,
                    "a": 1.0
                },
                {
                    "r": 0.8549019694328308,
                    "g": 0.800000011920929,
                    "b": 0.7686274647712708,
                    "a": 1.0
                }
            ],
            "instanceId": 70004
        },
        {
            "crowdTypeID": 362,
            "animConfigID": 1,
            "spawnPosition": {
                "x": 3601.717041015625,
                "y": 428.20111083984375,
                "z": 4561.0869140625
            },
            "spawnFaceFwd": {
                "x": 0.8298028707504272,
                "z": -0.5580564737319946
            },
            "hairColor": {
                "r": 0.5215686559677124,
                "g": 0.40392157435417175,
                "b": 0.2549019753932953,
                "a": 1.0
            },
            "bodyColors": [
                {
                    "r": 1.0,
                    "g": 1.0,
                    "b": 1.0,
                    "a": 1.0
                },
                {
                    "r": 1.0,
                    "g": 1.0,
                    "b": 1.0,
                    "a": 1.0
                },
                {
                    "r": 1.0,
                    "g": 1.0,
                    "b": 1.0,
                    "a": 1.0
                },
                {
                    "r": 1.0,
                    "g": 1.0,
                    "b": 1.0,
                    "a": 1.0
                }
            ],
            "instanceId": 70005
        },
        {
            "crowdTypeID": 353,
            "animConfigID": 3,
            "spawnPosition": {
                "x": 3602.68505859375,
                "y": 428.20111083984375,
                "z": 4560.32080078125
            },
            "spawnFaceFwd": {
                "x": -0.7058112621307373,
                "z": 0.7083998918533325
            },
            "hairColor": {
                "r": 0.3960784375667572,
                "g": 0.27843138575553894,
                "b": 0.1882352977991104,
                "a": 1.0
            },
            "bodyColors": [
                {
                    "r": 1.0,
                    "g": 1.0,
                    "b": 1.0,
                    "a": 1.0
                },
                {
                    "r": 1.0,
                    "g": 1.0,
                    "b": 1.0,
                    "a": 1.0
                },
                {
                    "r": 1.0,
                    "g": 1.0,
                    "b": 1.0,
                    "a": 1.0
                },
                {
                    "r": 1.0,
                    "g": 1.0,
                    "b": 1.0,
                    "a": 1.0
                }
            ],
            "instanceId": 70006
        },
        {
            "crowdTypeID": 343,
            "animConfigID": 2,
            "spawnPosition": {
                "x": 3562.779052734375,
                "y": 428.1890869140625,
                "z": 4624.67822265625
            },
            "spawnFaceFwd": {
                "x": -0.7179040908813477,
                "z": 0.6961420774459839
            },
            "hairColor": {
                "r": 0.5215686559677124,
                "g": 0.40392157435417175,
                "b": 0.2549019753932953,
                "a": 1.0
            },
            "bodyColors": [
                {
                    "r": 0.9843137264251709,
                    "g": 0.8941176533699036,
                    "b": 0.8549019694328308,
                    "a": 1.0
                },
                {
                    "r": 0.3176470696926117,
                    "g": 0.23529411852359772,
                    "b": 0.3176470696926117,
                    "a": 1.0
                },
                {
                    "r": 0.8549019694328308,
                    "g": 0.800000011920929,
                    "b": 0.7686274647712708,
                    "a": 1.0
                },
                {
                    "r": 0.6000000238418579,
                    "g": 0.5686274766921997,
                    "b": 0.658823549747467,
                    "a": 1.0
                }
            ],
            "instanceId": 70007
        },
        {
            "crowdTypeID": 327,
            "animConfigID": 1,
            "spawnPosition": {
                "x": 3561.94091796875,
                "y": 428.1890869140625,
                "z": 4625.501953125
            },
            "spawnFaceFwd": {
                "x": 0.7565808296203613,
                "z": -0.6539000272750854
            },
            "hairColor": {
                "r": 0.5215686559677124,
                "g": 0.40392157435417175,
                "b": 0.2549019753932953,
                "a": 1.0
            },
            "bodyColors": [
                {
                    "r": 1.0,
                    "g": 0.9137254953384399,
                    "b": 0.8627451062202454,
                    "a": 1.0
                },
                {
                    "r": 0.6000000238418579,
                    "g": 0.5686274766921997,
                    "b": 0.658823549747467,
                    "a": 1.0
                },
                {
                    "r": 0.8549019694328308,
                    "g": 0.800000011920929,
                    "b": 0.7686274647712708,
                    "a": 1.0
                },
                {
                    "r": 0.3176470696926117,
                    "g": 0.23529411852359772,
                    "b": 0.3176470696926117,
                    "a": 1.0
                }
            ],
            "instanceId": 70008
        },
        {
            "crowdTypeID": 344,
            "animConfigID": 3,
            "spawnPosition": {
                "x": 3587.695068359375,
                "y": 428.23089599609375,
                "z": 4605.5087890625
            },
            "spawnFaceFwd": {
                "x": -0.6974303722381592,
                "z": -0.7166526317596436
            },
            "sitOnChair": true,
            "hairColor": {
                "r": 0.4274509847164154,
                "g": 0.37254902720451355,
                "b": 0.3019607961177826,
                "a": 1.0
            },
            "bodyColors": [
                {
                    "r": 0.9843137264251709,
                    "g": 0.8941176533699036,
                    "b": 0.8549019694328308,
                    "a": 1.0
                },
                {
                    "r": 0.42352941632270813,
                    "g": 0.2666666805744171,
                    "b": 0.21960784494876862,
                    "a": 1.0
                },
                {
                    "r": 0.9450980424880981,
                    "g": 0.9333333373069763,
                    "b": 0.9372549057006836,
                    "a": 1.0
                },
                {
                    "r": 0.8117647171020508,
                    "g": 0.7176470756530762,
                    "b": 0.5568627715110779,
                    "a": 1.0
                }
            ],
            "instanceId": 70009
        },
        {
            "crowdTypeID": 332,
            "animConfigID": 2,
            "spawnPosition": {
                "x": 3588.18310546875,
                "y": 428.2047119140625,
                "z": 4604.92578125
            },
            "spawnFaceFwd": {
                "x": -0.837395429611206,
                "z": -0.5465975999832153
            },
            "sitOnChair": true,
            "hairColor": {
                "r": 0.5215686559677124,
                "g": 0.40392157435417175,
                "b": 0.2549019753932953,
                "a": 1.0
            },
            "bodyColors": [
                {
                    "r": 1.0,
                    "g": 0.9137254953384399,
                    "b": 0.8627451062202454,
                    "a": 1.0
                },
                {
                    "r": 0.9019607901573181,
                    "g": 0.8549019694328308,
                    "b": 0.8274509906768799,
                    "a": 1.0
                },
                {
                    "r": 0.4901960790157318,
                    "g": 0.6000000238418579,
                    "b": 0.6000000238418579,
                    "a": 1.0
                },
                {
                    "r": 0.34117648005485535,
                    "g": 0.4431372582912445,
                    "b": 0.5686274766921997,
                    "a": 1.0
                }
            ],
            "instanceId": 70010
        },
        {
            "crowdTypeID": 366,
            "animConfigID": 2,
            "spawnPosition": {
                "x": 3610.047119140625,
                "y": 438.68890380859375,
                "z": 4523.07177734375
            },
            "spawnFaceFwd": {
                "x": 0.9916906952857971,
                "z": -0.12864470481872559
            },
            "hairColor": {
                "r": 0.5215686559677124,
                "g": 0.40392157435417175,
                "b": 0.2549019753932953,
                "a": 1.0
            },
            "bodyColors": [
                {
                    "r": 1.0,
                    "g": 0.9137254953384399,
                    "b": 0.8627451062202454,
                    "a": 1.0
                },
                {
                    "r": 0.42352941632270813,
                    "g": 0.2666666805744171,
                    "b": 0.21960784494876862,
                    "a": 1.0
                },
                {
                    "r": 0.9450980424880981,
                    "g": 0.9333333373069763,
                    "b": 0.9372549057006836,
                    "a": 1.0
                },
                {
                    "r": 0.8117647171020508,
                    "g": 0.7176470756530762,
                    "b": 0.5568627715110779,
                    "a": 1.0
                }
            ],
            "instanceId": 70011
        },
        {
            "crowdTypeID": 367,
            "spawnPosition": {
                "x": 3611.2919921875,
                "y": 438.6889953613281,
                "z": 4522.89794921875
            },
            "spawnFaceFwd": {
                "x": -0.9885080456733704,
                "z": 0.15116792917251587
            },
            "hairColor": {
                "r": 0.4274509847164154,
                "g": 0.37254902720451355,
                "b": 0.3019607961177826,
                "a": 1.0
            },
            "bodyColors": [
                {
                    "r": 1.0,
                    "g": 0.9137254953384399,
                    "b": 0.8627451062202454,
                    "a": 1.0
                },
                {
                    "r": 0.11764705926179886,
                    "g": 0.29019609093666077,
                    "b": 0.2823529541492462,
                    "a": 1.0
                },
                {
                    "r": 0.8980392217636108,
                    "g": 0.8980392217636108,
                    "b": 0.8313725590705872,
                    "a": 1.0
                },
                {
                    "r": 0.6352941393852234,
                    "g": 0.6039215922355652,
                    "b": 0.4901960790157318,
                    "a": 1.0
                }
            ],
            "instanceId": 70012
        },
        {
            "crowdTypeID": 347,
            "animConfigID": 1,
            "spawnPosition": {
                "x": 3573.93896484375,
                "y": 428.2016906738281,
                "z": 4610.02685546875
            },
            "spawnFaceFwd": {
                "x": 0.37462925910949707,
                "z": -0.9271746873855591
            },
            "hairColor": {
                "r": 0.32156863808631897,
                "g": 0.21568627655506134,
                "b": 0.18039216101169586,
                "a": 1.0
            },
            "bodyColors": [
                {
                    "r": 0.9058823585510254,
                    "g": 0.7882353067398071,
                    "b": 0.7333333492279053,
                    "a": 1.0
                },
                {
                    "r": 0.9019607901573181,
                    "g": 0.8549019694328308,
                    "b": 0.8274509906768799,
                    "a": 1.0
                },
                {
                    "r": 0.34117648005485535,
                    "g": 0.4431372582912445,
                    "b": 0.5686274766921997,
                    "a": 1.0
                },
                {
                    "r": 0.4901960790157318,
                    "g": 0.6000000238418579,
                    "b": 0.6000000238418579,
                    "a": 1.0
                }
            ],
            "instanceId": 70013
        },
        {
            "crowdTypeID": 334,
            "animConfigID": 3,
            "spawnPosition": {
                "x": 3575.10498046875,
                "y": 428.2016906738281,
                "z": 4609.85009765625
            },
            "spawnFaceFwd": {
                "x": -0.4752865135669708,
                "z": -0.8798311948776245
            },
            "hairColor": {
                "r": 0.4274509847164154,
                "g": 0.37254902720451355,
                "b": 0.3019607961177826,
                "a": 1.0
            },
            "bodyColors": [
                {
                    "r": 1.0,
                    "g": 0.9137254953384399,
                    "b": 0.8627451062202454,
                    "a": 1.0
                },
                {
                    "r": 0.8980392217636108,
                    "g": 0.8980392217636108,
                    "b": 0.8313725590705872,
                    "a": 1.0
                },
                {
                    "r": 0.11764705926179886,
                    "g": 0.29019609093666077,
                    "b": 0.2823529541492462,
                    "a": 1.0
                },
                {
                    "r": 0.6352941393852234,
                    "g": 0.6039215922355652,
                    "b": 0.4901960790157318,
                    "a": 1.0
                }
            ],
            "instanceId": 70014
        }
    ]
}