{
  "crowdSpawnInfos": [
    {
      "crowdTypeID": 416,
      "animConfigID": 4,
      "spawnPosition": {
        "x": -2862.2919921875,
        "y": 201.28179931640625,
        "z": 9039.8203125
      },
      "spawnFaceFwd": {
        "x": 0.9891765117645264,
        "y": 0.1167454794049263,
        "z": -0.08888320624828339
      },
      "hairColor": {
        "r": 0.5215686559677124,
        "g": 0.40392157435417175,
        "b": 0.2549019753932953,
        "a": 1.0
      },
      "bodyColors": [
        {
          "r": 0.7921568751335144,
          "g": 0.6549019813537598,
          "b": 0.5843137502670288,
          "a": 1.0
        },
        {
          "r": 0.8352941274642944,
          "g": 0.8705882430076599,
          "b": 0.8901960849761963,
          "a": 1.0
        },
        {
          "r": 0.37254902720451355,
          "g": 0.5843137502670288,
          "b": 0.6196078658103943,
          "a": 1.0
        },
        {
          "r": 0.1568627506494522,
          "g": 0.23137255012989044,
          "b": 0.2705882489681244,
          "a": 1.0
        }
      ],
      "instanceId": 60001
    },
    {
      "crowdTypeID": 442,
      "animConfigID": 1,
      "spawnPosition": {
        "x": -2861.01708984375,
        "y": 201.32090759277344,
        "z": 9039.69921875
      },
      "spawnFaceFwd": {
        "x": -0.9956911206245422,
        "z": -0.09273207187652588
      },
      "hairColor": {
        "r": 0.5215686559677124,
        "g": 0.40392157435417175,
        "b": 0.2549019753932953,
        "a": 1.0
      },
      "bodyColors": [
        {
          "r": 0.7921568751335144,
          "g": 0.6549019813537598,
          "b": 0.5843137502670288,
          "a": 1.0
        },
        {
          "r": 0.8941176533699036,
          "g": 0.8941176533699036,
          "b": 0.8941176533699036,
          "a": 1.0
        },
        {
          "r": 0.5215686559677124,
          "g": 0.6784313917160034,
          "b": 0.7882353067398071,
          "a": 1.0
        },
        {
          "r": 0.27843138575553894,
          "g": 0.38823530077934265,
          "b": 0.501960813999176,
          "a": 1.0
        }
      ],
      "instanceId": 60002
    },
    {
      "crowdTypeID": 464,
      "animConfigID": 2,
      "spawnPosition": {
        "x": -2859.89599609375,
        "y": 201.7133026123047,
        "z": 9038.845703125
      },
      "spawnFaceFwd": {
        "x": 0.5789245963096619,
        "z": 0.8153810501098633
      },
      "sitOnChair": true,
      "hairColor": {
        "r": 0.5215686559677124,
        "g": 0.40392157435417175,
        "b": 0.2549019753932953,
        "a": 1.0
      },
      "bodyColors": [
        {
          "r": 0.7921568751335144,
          "g": 0.6549019813537598,
          "b": 0.5843137502670288,
          "a": 1.0
        },
        {
          "r": 0.5215686559677124,
          "g": 0.6784313917160034,
          "b": 0.7882353067398071,
          "a": 1.0
        },
        {
          "r": 0.8941176533699036,
          "g": 0.8941176533699036,
          "b": 0.8941176533699036,
          "a": 1.0
        },
        {
          "r": 0.27843138575553894,
          "g": 0.38823530077934265,
          "b": 0.501960813999176,
          "a": 1.0
        }
      ],
      "instanceId": 60003
    },
    {
      "crowdTypeID": 408,
      "animConfigID": 2,
      "spawnPosition": {
        "x": -2861.22998046875,
        "y": 201.32940673828125,
        "z": 9043.0771484375
      },
      "spawnFaceFwd": {
        "x": 0.8292495608329773,
        "z": 0.558878481388092
      },
      "hairColor": {
        "r": 0.5215686559677124,
        "g": 0.40392157435417175,
        "b": 0.2549019753932953,
        "a": 1.0
      },
      "bodyColors": [
        {
          "r": 0.9058823585510254,
          "g": 0.7882353067398071,
          "b": 0.7333333492279053,
          "a": 1.0
        },
        {
          "r": 0.6313725709915161,
          "g": 0.7686274647712708,
          "b": 0.7372549176216125,
          "a": 1.0
        },
        {
          "r": 0.2980392277240753,
          "g": 0.4901960790157318,
          "b": 0.5803921818733215,
          "a": 1.0
        },
        {
          "r": 0.21176470816135406,
          "g": 0.32549020648002625,
          "b": 0.3803921639919281,
          "a": 1.0
        }
      ],
      "instanceId": 60004
    },
    {
      "crowdTypeID": 85,
      "animConfigID": 11,
      "spawnPosition": {
        "x": -2864.68701171875,
        "y": 201.32009887695312,
        "z": 9051.47265625
      },
      "spawnFaceFwd": {
        "x": 0.9353199601173401,
        "z": -0.3538029193878174
      },
      "hairColor": {
        "r": 0.25882354378700256,
        "g": 0.25882354378700256,
        "b": 0.25882354378700256,
        "a": 1.0
      },
      "bodyColors": [
        {
          "r": 0.9058823585510254,
          "g": 0.7882353067398071,
          "b": 0.7333333492279053,
          "a": 1.0
        },
        {
          "r": 0.572549045085907,
          "g": 0.5176470875740051,
          "b": 0.5803921818733215,
          "a": 1.0
        },
        {
          "r": 0.8039215803146362,
          "g": 0.7254902124404907,
          "b": 0.6941176652908325,
          "a": 1.0
        },
        {
          "r": 0.23529411852359772,
          "g": 0.2549019753932953,
          "b": 0.30980393290519714,
          "a": 1.0
        }
      ],
      "instanceId": 60005
    },
    {
      "crowdTypeID": 68,
      "animConfigID": 1,
      "spawnPosition": {
        "x": -2864.986083984375,
        "y": 201.32650756835938,
        "z": 9050.08203125
      },
      "spawnFaceFwd": {
        "x": 0.9874588847160339,
        "z": 0.15787607431411743
      },
      "hairColor": {
        "r": 0.25882354378700256,
        "g": 0.25882354378700256,
        "b": 0.25882354378700256,
        "a": 1.0
      },
      "bodyColors": [
        {
          "r": 0.9058823585510254,
          "g": 0.7882353067398071,
          "b": 0.7333333492279053,
          "a": 1.0
        },
        {
          "r": 0.2235294133424759,
          "g": 0.2705882489681244,
          "b": 0.3607843220233917,
          "a": 1.0
        },
        {
          "r": 0.5686274766921997,
          "g": 0.572549045085907,
          "b": 0.6117647290229797,
          "a": 1.0
        },
        {
          "r": 0.3137255012989044,
          "g": 0.38823530077934265,
          "b": 0.47843137383461,
          "a": 1.0
        }
      ],
      "instanceId": 60006
    },
    {
      "crowdTypeID": 88,
      "animConfigID": 1,
      "spawnPosition": {
        "x": -2863.826904296875,
        "y": 201.3238983154297,
        "z": 9050.2412109375
      },
      "spawnFaceFwd": {
        "x": 0.9996496438980103,
        "z": -0.02646946907043457
      },
      "hairColor": {
        "r": 0.3960784375667572,
        "g": 0.27843138575553894,
        "b": 0.1882352977991104,
        "a": 1.0
      },
      "bodyColors": [
        {
          "r": 0.9058823585510254,
          "g": 0.7882353067398071,
          "b": 0.7333333492279053,
          "a": 1.0
        },
        {
          "r": 0.2235294133424759,
          "g": 0.2705882489681244,
          "b": 0.3607843220233917,
          "a": 1.0
        },
        {
          "r": 0.5686274766921997,
          "g": 0.572549045085907,
          "b": 0.6117647290229797,
          "a": 1.0
        },
        {
          "r": 0.3137255012989044,
          "g": 0.38823530077934265,
          "b": 0.47843137383461,
          "a": 1.0
        }
      ],
      "instanceId": 60007
    },
    {
      "crowdTypeID": 91,
      "spawnPosition": {
        "x": -2863.51806640625,
        "y": 201.3238983154297,
        "z": 9050.9755859375
      },
      "spawnFaceFwd": {
        "x": 0.9751540422439575,
        "z": -0.2215280532836914
      },
      "hairColor": {
        "r": 0.8392156958580017,
        "g": 0.8392156958580017,
        "b": 0.8392156958580017,
        "a": 1.0
      },
      "bodyColors": [
        {
          "r": 0.9058823585510254,
          "g": 0.7882353067398071,
          "b": 0.7333333492279053,
          "a": 1.0
        },
        {
          "r": 0.23529411852359772,
          "g": 0.2549019753932953,
          "b": 0.30980393290519714,
          "a": 1.0
        },
        {
          "r": 0.572549045085907,
          "g": 0.5176470875740051,
          "b": 0.5803921818733215,
          "a": 1.0
        },
        {
          "r": 0.8039215803146362,
          "g": 0.7254902124404907,
          "b": 0.6941176652908325,
          "a": 1.0
        }
      ],
      "instanceId": 60008
    },
    {
      "crowdTypeID": 423,
      "spawnPosition": {
        "x": -2863.0419921875,
        "y": 201.3238983154297,
        "z": 9048.9931640625
      },
      "spawnFaceFwd": {
        "x": 0.9993105530738831,
        "z": -0.037128448486328125
      },
      "hairColor": {
        "r": 0.25882354378700256,
        "g": 0.25882354378700256,
        "b": 0.25882354378700256,
        "a": 1.0
      },
      "bodyColors": [
        {
          "r": 0.9058823585510254,
          "g": 0.7882353067398071,
          "b": 0.7333333492279053,
          "a": 1.0
        },
        {
          "r": 0.8352941274642944,
          "g": 0.5529412031173706,
          "b": 0.38823530077934265,
          "a": 1.0
        },
        {
          "r": 0.3137255012989044,
          "g": 0.5215686559677124,
          "b": 0.7019608020782471,
          "a": 1.0
        },
        {
          "r": 0.25882354378700256,
          "g": 0.250980406999588,
          "b": 0.24313725531101227,
          "a": 1.0
        }
      ],
      "instanceId": 60011
    },
    {
      "crowdTypeID": 428,
      "spawnPosition": {
        "x": -2862.528076171875,
        "y": 201.3238983154297,
        "z": 9043.4033203125
      },
      "spawnFaceFwd": {
        "x": 0.8882632255554199,
        "z": 0.4593349099159241
      },
      "hairColor": {
        "r": 0.3960784375667572,
        "g": 0.27843138575553894,
        "b": 0.1882352977991104,
        "a": 1.0
      },
      "bodyColors": [
        {
          "r": 0.7921568751335144,
          "g": 0.6549019813537598,
          "b": 0.5843137502670288,
          "a": 1.0
        },
        {
          "r": 0.27843138575553894,
          "g": 0.38823530077934265,
          "b": 0.501960813999176,
          "a": 1.0
        },
        {
          "r": 0.8941176533699036,
          "g": 0.8941176533699036,
          "b": 0.8941176533699036,
          "a": 1.0
        },
        {
          "r": 0.5215686559677124,
          "g": 0.6784313917160034,
          "b": 0.7882353067398071,
          "a": 1.0
        }
      ],
      "instanceId": 60012
    }
  ]
}