{
    "crowdSpawnInfos": [
        {
            "crowdTypeID": 84,
            "animConfigID": 6,
            "spawnPosition": {
                "x": 2268.1640625,
                "y": 288.6377868652344,
                "z": 1547.4200439453125
            },
            "spawnFaceFwd": {
                "x": 0.21486476063728333,
                "z": -0.9766436815261841
            },
            "hairColor": {
                "r": 0.29019609093666077,
                "g": 0.3176470696926117,
                "b": 0.3529411852359772,
                "a": 1.0
            },
            "bodyColors": [
                {
                    "r": 0.9058823585510254,
                    "g": 0.7882353067398071,
                    "b": 0.7333333492279053,
                    "a": 1.0
                },
                {
                    "r": 0.4117647111415863,
                    "g": 0.35686275362968445,
                    "b": 0.3960784375667572,
                    "a": 1.0
                },
                {
                    "r": 0.5647059082984924,
                    "g": 0.5490196347236633,
                    "b": 0.5607843399047852,
                    "a": 1.0
                },
                {
                    "r": 0.2666666805744171,
                    "g": 0.2078431397676468,
                    "b": 0.23529411852359772,
                    "a": 1.0
                }
            ],
            "instanceId": 20001
        },
        {
            "crowdTypeID": 87,
            "animConfigID": 1,
            "spawnPosition": {
                "x": 2268.98193359375,
                "y": 288.60540771484375,
                "z": 1547.2640380859375
            },
            "spawnFaceFwd": {
                "x": -0.5569655299186707,
                "z": -0.8305355310440063
            },
            "hairColor": {
                "r": 0.29019609093666077,
                "g": 0.3176470696926117,
                "b": 0.3529411852359772,
                "a": 1.0
            },
            "bodyColors": [
                {
                    "r": 0.9058823585510254,
                    "g": 0.7882353067398071,
                    "b": 0.7333333492279053,
                    "a": 1.0
                },
                {
                    "r": 0.239215686917305,
                    "g": 0.2666666805744171,
                    "b": 0.29411765933036804,
                    "a": 1.0
                },
                {
                    "r": 0.47843137383461,
                    "g": 0.4470588266849518,
                    "b": 0.3960784375667572,
                    "a": 1.0
                },
                {
                    "r": 0.239215686917305,
                    "g": 0.2666666805744171,
                    "b": 0.29411765933036804,
                    "a": 1.0
                }
            ],
            "instanceId": 20002
        },
        {
            "crowdTypeID": 125,
            "spawnPosition": {
                "x": 2309.97900390625,
                "y": 294.0934143066406,
                "z": 1490.072998046875
            },
            "spawnFaceFwd": {
                "x": -0.5892032980918884,
                "z": -0.8079848289489746
            },
            "hairColor": {
                "r": 0.25882354378700256,
                "g": 0.25882354378700256,
                "b": 0.25882354378700256,
                "a": 1.0
            },
            "bodyColors": [
                {
                    "r": 0.9333333373069763,
                    "g": 0.8666666746139526,
                    "b": 0.843137264251709,
                    "a": 1.0
                },
                {
                    "r": 0.41960784792900085,
                    "g": 0.41960784792900085,
                    "b": 0.4117647111415863,
                    "a": 1.0
                },
                {
                    "r": 0.3764705955982208,
                    "g": 0.2823529541492462,
                    "b": 0.2823529541492462,
                    "a": 1.0
                },
                {
                    "r": 0.2549019753932953,
                    "g": 0.26274511218070984,
                    "b": 0.2705882489681244,
                    "a": 1.0
                }
            ],
            "instanceId": 20005
        },
        {
            "crowdTypeID": 81,
            "spawnPosition": {
                "x": 2287.6298828125,
                "y": 295.6611022949219,
                "z": 1480.2490234375
            },
            "spawnFaceFwd": {
                "x": -0.8915130496025085,
                "z": 0.4529950022697449
            },
            "hairColor": {
                "r": 0.29019609093666077,
                "g": 0.3176470696926117,
                "b": 0.3529411852359772,
                "a": 1.0
            },
            "bodyColors": [
                {
                    "r": 0.9058823585510254,
                    "g": 0.7882353067398071,
                    "b": 0.7333333492279053,
                    "a": 1.0
                },
                {
                    "r": 0.41960784792900085,
                    "g": 0.41960784792900085,
                    "b": 0.4117647111415863,
                    "a": 1.0
                },
                {
                    "r": 0.3764705955982208,
                    "g": 0.2823529541492462,
                    "b": 0.2823529541492462,
                    "a": 1.0
                },
                {
                    "r": 0.2549019753932953,
                    "g": 0.26274511218070984,
                    "b": 0.2705882489681244,
                    "a": 1.0
                }
            ],
            "instanceId": 20007
        },
        {
            "crowdTypeID": 65,
            "spawnPosition": {
                "x": 2286.430908203125,
                "y": 295.6611022949219,
                "z": 1480.1829833984375
            },
            "spawnFaceFwd": {
                "x": 0.9997824430465698,
                "z": -0.02085697650909424
            },
            "hairColor": {
                "r": 0.29019609093666077,
                "g": 0.3176470696926117,
                "b": 0.3529411852359772,
                "a": 1.0
            },
            "bodyColors": [
                {
                    "r": 0.9058823585510254,
                    "g": 0.7882353067398071,
                    "b": 0.7333333492279053,
                    "a": 1.0
                },
                {
                    "r": 0.42352941632270813,
                    "g": 0.4627451002597809,
                    "b": 0.5647059082984924,
                    "a": 1.0
                },
                {
                    "r": 0.6745098233222961,
                    "g": 0.6666666865348816,
                    "b": 0.6549019813537598,
                    "a": 1.0
                },
                {
                    "r": 0.2980392277240753,
                    "g": 0.27843138575553894,
                    "b": 0.3176470696926117,
                    "a": 1.0
                }
            ],
            "instanceId": 20008
        },
        {
            "crowdTypeID": 119,
            "spawnPosition": {
                "x": 2286.989990234375,
                "y": 295.6611022949219,
                "z": 1480.9739990234375
            },
            "spawnFaceFwd": {
                "x": 0.7052617073059082,
                "z": -0.7089470624923706
            },
            "hairColor": {
                "r": 0.32156863808631897,
                "g": 0.21568627655506134,
                "b": 0.18039216101169586,
                "a": 1.0
            },
            "bodyColors": [
                {
                    "r": 0.9058823585510254,
                    "g": 0.7882353067398071,
                    "b": 0.7333333492279053,
                    "a": 1.0
                },
                {
                    "r": 0.41960784792900085,
                    "g": 0.41960784792900085,
                    "b": 0.4117647111415863,
                    "a": 1.0
                },
                {
                    "r": 0.3764705955982208,
                    "g": 0.2823529541492462,
                    "b": 0.2823529541492462,
                    "a": 1.0
                },
                {
                    "r": 0.2549019753932953,
                    "g": 0.26274511218070984,
                    "b": 0.2705882489681244,
                    "a": 1.0
                }
            ],
            "instanceId": 20009
        },
        {
            "crowdTypeID": 79,
            "animConfigID": 7,
            "spawnPosition": {
                "x": 2332.658935546875,
                "y": 294.127685546875,
                "z": 1497.2640380859375
            },
            "spawnFaceFwd": {
                "x": 0.882217288017273,
                "z": -0.4708425998687744
            },
            "hairColor": {
                "r": 0.25882354378700256,
                "g": 0.25882354378700256,
                "b": 0.25882354378700256,
                "a": 1.0
            },
            "bodyColors": [
                {
                    "r": 0.9333333373069763,
                    "g": 0.8666666746139526,
                    "b": 0.843137264251709,
                    "a": 1.0
                },
                {
                    "r": 0.41960784792900085,
                    "g": 0.41960784792900085,
                    "b": 0.4117647111415863,
                    "a": 1.0
                },
                {
                    "r": 0.3764705955982208,
                    "g": 0.2823529541492462,
                    "b": 0.2823529541492462,
                    "a": 1.0
                },
                {
                    "r": 0.2549019753932953,
                    "g": 0.26274511218070984,
                    "b": 0.2705882489681244,
                    "a": 1.0
                }
            ],
            "instanceId": 20010
        },
        {
            "crowdTypeID": 90,
            "animConfigID": 1,
            "spawnPosition": {
                "x": 2252.10400390625,
                "y": 296.4637145996094,
                "z": 1469.4150390625
            },
            "spawnFaceFwd": {
                "x": -0.9926875829696655,
                "z": 0.12071186304092407
            },
            "hairColor": {
                "r": 0.8392156958580017,
                "g": 0.8392156958580017,
                "b": 0.8392156958580017,
                "a": 1.0
            },
            "bodyColors": [
                {
                    "r": 0.9058823585510254,
                    "g": 0.7882353067398071,
                    "b": 0.7333333492279053,
                    "a": 1.0
                },
                {
                    "r": 0.41960784792900085,
                    "g": 0.41960784792900085,
                    "b": 0.4117647111415863,
                    "a": 1.0
                },
                {
                    "r": 0.3764705955982208,
                    "g": 0.2823529541492462,
                    "b": 0.2823529541492462,
                    "a": 1.0
                },
                {
                    "r": 0.2549019753932953,
                    "g": 0.26274511218070984,
                    "b": 0.2705882489681244,
                    "a": 1.0
                }
            ],
            "instanceId": 20011
        },
        {
            "crowdTypeID": 88,
            "animConfigID": 1,
            "spawnPosition": {
                "x": 2251.330078125,
                "y": 296.45849609375,
                "z": 1469.280029296875
            },
            "spawnFaceFwd": {
                "x": 0.9878395795822144,
                "z": 0.15547651052474976
            },
            "hairColor": {
                "r": 0.32156863808631897,
                "g": 0.21568627655506134,
                "b": 0.18039216101169586,
                "a": 1.0
            },
            "bodyColors": [
                {
                    "r": 0.9333333373069763,
                    "g": 0.8666666746139526,
                    "b": 0.843137264251709,
                    "a": 1.0
                },
                {
                    "r": 0.4117647111415863,
                    "g": 0.35686275362968445,
                    "b": 0.3960784375667572,
                    "a": 1.0
                },
                {
                    "r": 0.5647059082984924,
                    "g": 0.5490196347236633,
                    "b": 0.5607843399047852,
                    "a": 1.0
                },
                {
                    "r": 0.2666666805744171,
                    "g": 0.2078431397676468,
                    "b": 0.23529411852359772,
                    "a": 1.0
                }
            ],
            "instanceId": 20012
        },
        {
            "crowdTypeID": 125,
            "spawnPosition": {
                "x": 2217.423095703125,
                "y": 287.6842956542969,
                "z": 1513.3929443359375
            },
            "spawnFaceFwd": {
                "x": 0.371308833360672,
                "z": 0.9285094141960144
            },
            "hairColor": {
                "r": 0.29019609093666077,
                "g": 0.3176470696926117,
                "b": 0.3529411852359772,
                "a": 1.0
            },
            "bodyColors": [
                {
                    "r": 0.9333333373069763,
                    "g": 0.8666666746139526,
                    "b": 0.843137264251709,
                    "a": 1.0
                },
                {
                    "r": 0.42352941632270813,
                    "g": 0.4627451002597809,
                    "b": 0.5647059082984924,
                    "a": 1.0
                },
                {
                    "r": 0.6745098233222961,
                    "g": 0.6666666865348816,
                    "b": 0.6549019813537598,
                    "a": 1.0
                },
                {
                    "r": 0.2980392277240753,
                    "g": 0.27843138575553894,
                    "b": 0.3176470696926117,
                    "a": 1.0
                }
            ],
            "instanceId": 20019
        },
        {
            "crowdTypeID": 91,
            "spawnPosition": {
                "x": 2248.700927734375,
                "y": 291.80859375,
                "z": 1511.7779541015625
            },
            "spawnFaceFwd": {
                "x": -0.8704519867897034,
                "z": -0.49225330352783203
            },
            "hairColor": {
                "r": 0.8392156958580017,
                "g": 0.8392156958580017,
                "b": 0.8392156958580017,
                "a": 1.0
            },
            "bodyColors": [
                {
                    "r": 0.9058823585510254,
                    "g": 0.7882353067398071,
                    "b": 0.7333333492279053,
                    "a": 1.0
                },
                {
                    "r": 0.6745098233222961,
                    "g": 0.6666666865348816,
                    "b": 0.6549019813537598,
                    "a": 1.0
                },
                {
                    "r": 0.42352941632270813,
                    "g": 0.4627451002597809,
                    "b": 0.5647059082984924,
                    "a": 1.0
                },
                {
                    "r": 0.2980392277240753,
                    "g": 0.27843138575553894,
                    "b": 0.3176470696926117,
                    "a": 1.0
                }
            ],
            "instanceId": 20022
        },
        {
            "crowdTypeID": 90,
            "animConfigID": 1,
            "spawnPosition": {
                "x": 2247.548095703125,
                "y": 291.80859375,
                "z": 1511.0269775390625
            },
            "spawnFaceFwd": {
                "x": 0.8452582359313965,
                "z": 0.5343579649925232
            },
            "hairColor": {
                "r": 0.8392156958580017,
                "g": 0.8392156958580017,
                "b": 0.8392156958580017,
                "a": 1.0
            },
            "bodyColors": [
                {
                    "r": 0.9058823585510254,
                    "g": 0.7882353067398071,
                    "b": 0.7333333492279053,
                    "a": 1.0
                },
                {
                    "r": 0.42352941632270813,
                    "g": 0.4627451002597809,
                    "b": 0.5647059082984924,
                    "a": 1.0
                },
                {
                    "r": 0.6745098233222961,
                    "g": 0.6666666865348816,
                    "b": 0.6549019813537598,
                    "a": 1.0
                },
                {
                    "r": 0.2980392277240753,
                    "g": 0.27843138575553894,
                    "b": 0.3176470696926117,
                    "a": 1.0
                }
            ],
            "instanceId": 20023
        },
        {
            "crowdTypeID": 124,
            "spawnPosition": {
                "x": 2275.368896484375,
                "y": 295.6611022949219,
                "z": 1494.875
            },
            "spawnFaceFwd": {
                "z": 1.0
            },
            "hairColor": {
                "r": 0.25882354378700256,
                "g": 0.25882354378700256,
                "b": 0.25882354378700256,
                "a": 1.0
            },
            "bodyColors": [
                {
                    "r": 0.9058823585510254,
                    "g": 0.7882353067398071,
                    "b": 0.7333333492279053,
                    "a": 1.0
                },
                {
                    "r": 0.2666666805744171,
                    "g": 0.2078431397676468,
                    "b": 0.23529411852359772,
                    "a": 1.0
                },
                {
                    "r": 0.4117647111415863,
                    "g": 0.35686275362968445,
                    "b": 0.3960784375667572,
                    "a": 1.0
                },
                {
                    "r": 0.5647059082984924,
                    "g": 0.5490196347236633,
                    "b": 0.5607843399047852,
                    "a": 1.0
                }
            ],
            "instanceId": 20025
        },
        {
            "crowdTypeID": 78,
            "animConfigID": 9,
            "spawnPosition": {
                "x": 2215.197998046875,
                "y": 286.9159851074219,
                "z": 1503.64599609375
            },
            "spawnFaceFwd": {
                "x": -0.02097032591700554,
                "z": -0.9997801780700684
            },
            "sitOnChair": true,
            "hairColor": {
                "r": 0.29019609093666077,
                "g": 0.3176470696926117,
                "b": 0.3529411852359772,
                "a": 1.0
            },
            "bodyColors": [
                {
                    "r": 0.9333333373069763,
                    "g": 0.8666666746139526,
                    "b": 0.843137264251709,
                    "a": 1.0
                },
                {
                    "r": 0.47843137383461,
                    "g": 0.4470588266849518,
                    "b": 0.3960784375667572,
                    "a": 1.0
                },
                {
                    "r": 0.239215686917305,
                    "g": 0.2666666805744171,
                    "b": 0.29411765933036804,
                    "a": 1.0
                },
                {
                    "r": 0.7568627595901489,
                    "g": 0.7568627595901489,
                    "b": 0.7254902124404907,
                    "a": 1.0
                }
            ],
            "instanceId": 20026
        },
        {
            "crowdTypeID": 67,
            "animConfigID": 8,
            "spawnPosition": {
                "x": 2213.044921875,
                "y": 286.9236145019531,
                "z": 1501.97900390625
            },
            "spawnFaceFwd": {
                "x": 0.9952848553657532,
                "z": -0.09699487686157227
            },
            "sitOnChair": true,
            "hairColor": {
                "r": 0.29019609093666077,
                "g": 0.3176470696926117,
                "b": 0.3529411852359772,
                "a": 1.0
            },
            "bodyColors": [
                {
                    "r": 0.9058823585510254,
                    "g": 0.7882353067398071,
                    "b": 0.7333333492279053,
                    "a": 1.0
                },
                {
                    "r": 0.47843137383461,
                    "g": 0.4470588266849518,
                    "b": 0.3960784375667572,
                    "a": 1.0
                },
                {
                    "r": 0.239215686917305,
                    "g": 0.2666666805744171,
                    "b": 0.29411765933036804,
                    "a": 1.0
                },
                {
                    "r": 0.7568627595901489,
                    "g": 0.7568627595901489,
                    "b": 0.7254902124404907,
                    "a": 1.0
                }
            ],
            "instanceId": 20027
        },
        {
            "crowdTypeID": 69,
            "spawnPosition": {
                "x": 2215.294921875,
                "y": 286.9237976074219,
                "z": 1501.1099853515625
            },
            "spawnFaceFwd": {
                "x": -0.6650493144989014,
                "z": 0.7467994689941406
            },
            "hairColor": {
                "r": 0.29019609093666077,
                "g": 0.3176470696926117,
                "b": 0.3529411852359772,
                "a": 1.0
            },
            "bodyColors": [
                {
                    "r": 0.9058823585510254,
                    "g": 0.7882353067398071,
                    "b": 0.7333333492279053,
                    "a": 1.0
                },
                {
                    "r": 0.42352941632270813,
                    "g": 0.4627451002597809,
                    "b": 0.5647059082984924,
                    "a": 1.0
                },
                {
                    "r": 0.6745098233222961,
                    "g": 0.6666666865348816,
                    "b": 0.6549019813537598,
                    "a": 1.0
                },
                {
                    "r": 0.2980392277240753,
                    "g": 0.27843138575553894,
                    "b": 0.3176470696926117,
                    "a": 1.0
                }
            ],
            "instanceId": 20028
        }
    ]
}