{
  "crowdSpawnInfos": [
    {
      "crowdTypeID": 403,
      "animConfigID": 2,
      "spawnPosition": {
        "x": -1258.364990234375,
        "y": 280.16668701171875,
        "z": 9601.5361328125
      },
      "spawnFaceFwd": {
        "x": 0.3766558766365051,
        "z": -0.9263532161712646
      },
      "hairColor": {
        "r": 0.5215686559677124,
        "g": 0.40392157435417175,
        "b": 0.2549019753932953,
        "a": 1.0
      },
      "bodyColors": [
        {
          "r": 0.9058823585510254,
          "g": 0.7882353067398071,
          "b": 0.7333333492279053,
          "a": 1.0
        },
        {
          "r": 0.47058823704719543,
          "g": 0.33725491166114807,
          "b": 0.3176470696926117,
          "a": 1.0
        },
        {
          "r": 0.6509804129600525,
          "g": 0.364705890417099,
          "b": 0.3450980484485626,
          "a": 1.0
        },
        {
          "r": 0.8196078538894653,
          "g": 0.7568627595901489,
          "b": 0.729411780834198,
          "a": 1.0
        }
      ],
      "instanceId": 30001
    },
    {
      "crowdTypeID": 434,
      "spawnPosition": {
        "x": -1280.7359619140625,
        "y": 280.40960693359375,
        "z": 9615.3642578125
      },
      "spawnFaceFwd": {
        "x": -0.736558735370636,
        "y": -1.1826099921563582e-07,
        "z": 0.6763735413551331
      },
      "hairColor": {
        "r": 0.25882354378700256,
        "g": 0.25882354378700256,
        "b": 0.25882354378700256,
        "a": 1.0
      },
      "bodyColors": [
        {
          "r": 0.7921568751335144,
          "g": 0.6549019813537598,
          "b": 0.5843137502670288,
          "a": 1.0
        },
        {
          "r": 0.8313725590705872,
          "g": 0.7490196228027344,
          "b": 0.7372549176216125,
          "a": 1.0
        },
        {
          "r": 0.7019608020782471,
          "g": 0.49803921580314636,
          "b": 0.4117647111415863,
          "a": 1.0
        },
        {
          "r": 0.34117648005485535,
          "g": 0.1921568661928177,
          "b": 0.1882352977991104,
          "a": 1.0
        }
      ],
      "instanceId": 30002
    },
    {
      "crowdTypeID": 458,
      "animConfigID": 2,
      "spawnPosition": {
        "x": -1281.4610595703125,
        "y": 279.91778564453125,
        "z": 9615.4404296875
      },
      "spawnFaceFwd": {
        "x": 0.13485237956047058,
        "z": 0.9908657073974609
      },
      "sitOnChair": true,
      "hairColor": {
        "r": 0.29019609093666077,
        "g": 0.3176470696926117,
        "b": 0.3529411852359772,
        "a": 1.0
      },
      "bodyColors": [
        {
          "r": 0.9058823585510254,
          "g": 0.7882353067398071,
          "b": 0.7333333492279053,
          "a": 1.0
        },
        {
          "r": 0.47058823704719543,
          "g": 0.33725491166114807,
          "b": 0.3176470696926117,
          "a": 1.0
        },
        {
          "r": 0.6509804129600525,
          "g": 0.364705890417099,
          "b": 0.3450980484485626,
          "a": 1.0
        },
        {
          "r": 0.8196078538894653,
          "g": 0.7568627595901489,
          "b": 0.729411780834198,
          "a": 1.0
        }
      ],
      "instanceId": 30003
    },
    {
      "crowdTypeID": 414,
      "animConfigID": 4,
      "spawnPosition": {
        "x": -1262.7530517578125,
        "y": 294.3328857421875,
        "z": 9594.978515625
      },
      "spawnFaceFwd": {
        "x": -0.4622787535190582,
        "y": 0.21322114765644073,
        "z": -0.8607176542282104
      },
      "hairColor": {
        "r": 0.5215686559677124,
        "g": 0.40392157435417175,
        "b": 0.2549019753932953,
        "a": 1.0
      },
      "bodyColors": [
        {
          "r": 0.7921568751335144,
          "g": 0.6549019813537598,
          "b": 0.5843137502670288,
          "a": 1.0
        },
        {
          "r": 0.8313725590705872,
          "g": 0.7490196228027344,
          "b": 0.7372549176216125,
          "a": 1.0
        },
        {
          "r": 0.7019608020782471,
          "g": 0.49803921580314636,
          "b": 0.4117647111415863,
          "a": 1.0
        },
        {
          "r": 0.34117648005485535,
          "g": 0.1921568661928177,
          "b": 0.1882352977991104,
          "a": 1.0
        }
      ],
      "instanceId": 30004
    },
    {
      "crowdTypeID": 418,
      "spawnPosition": {
        "x": -1263.7340087890625,
        "y": 294.41119384765625,
        "z": 9593.5576171875
      },
      "spawnFaceFwd": {
        "x": 0.5508930087089539,
        "z": 0.834575891494751
      },
      "hairColor": {
        "r": 0.25882354378700256,
        "g": 0.25882354378700256,
        "b": 0.25882354378700256,
        "a": 1.0
      },
      "bodyColors": [
        {
          "r": 0.9058823585510254,
          "g": 0.7882353067398071,
          "b": 0.7333333492279053,
          "a": 1.0
        },
        {
          "r": 0.8313725590705872,
          "g": 0.7490196228027344,
          "b": 0.7372549176216125,
          "a": 1.0
        },
        {
          "r": 0.7019608020782471,
          "g": 0.49803921580314636,
          "b": 0.4117647111415863,
          "a": 1.0
        },
        {
          "r": 0.34117648005485535,
          "g": 0.1921568661928177,
          "b": 0.1882352977991104,
          "a": 1.0
        }
      ],
      "instanceId": 30005
    },
    {
      "crowdTypeID": 435,
      "animConfigID": 4,
      "spawnPosition": {
        "x": -1235.251953125,
        "y": 309.18438720703125,
        "z": 9470.478515625
      },
      "spawnFaceFwd": {
        "x": 0.8639485239982605,
        "z": 0.5035800933837891
      },
      "hairColor": {
        "r": 0.4274509847164154,
        "g": 0.37254902720451355,
        "b": 0.3019607961177826,
        "a": 1.0
      },
      "bodyColors": [
        {
          "r": 0.7921568751335144,
          "g": 0.6549019813537598,
          "b": 0.5843137502670288,
          "a": 1.0
        },
        {
          "r": 0.8196078538894653,
          "g": 0.7568627595901489,
          "b": 0.729411780834198,
          "a": 1.0
        },
        {
          "r": 0.6509804129600525,
          "g": 0.364705890417099,
          "b": 0.3450980484485626,
          "a": 1.0
        },
        {
          "r": 0.47058823704719543,
          "g": 0.33725491166114807,
          "b": 0.3176470696926117,
          "a": 1.0
        }
      ],
      "instanceId": 30009
    },
    {
      "crowdTypeID": 433,
      "animConfigID": 3,
      "spawnPosition": {
        "x": -1193.33203125,
        "y": 303.2043151855469,
        "z": 9488.1513671875
      },
      "spawnFaceFwd": {
        "x": -0.942620038986206,
        "z": 0.33386749029159546
      },
      "hairColor": {
        "r": 0.5215686559677124,
        "g": 0.40392157435417175,
        "b": 0.2549019753932953,
        "a": 1.0
      },
      "bodyColors": [
        {
          "r": 0.9058823585510254,
          "g": 0.7882353067398071,
          "b": 0.7333333492279053,
          "a": 1.0
        },
        {
          "r": 0.47058823704719543,
          "g": 0.33725491166114807,
          "b": 0.3176470696926117,
          "a": 1.0
        },
        {
          "r": 0.6509804129600525,
          "g": 0.364705890417099,
          "b": 0.3450980484485626,
          "a": 1.0
        },
        {
          "r": 0.8196078538894653,
          "g": 0.7568627595901489,
          "b": 0.729411780834198,
          "a": 1.0
        }
      ],
      "instanceId": 30010
    },
    {
      "crowdTypeID": 420,
      "animConfigID": 1,
      "spawnPosition": {
        "x": -1196.092041015625,
        "y": 303.2043151855469,
        "z": 9473.6494140625
      },
      "spawnFaceFwd": {
        "x": -0.9145901203155518,
        "z": -0.4043821096420288
      },
      "hairColor": {
        "r": 0.8392156958580017,
        "g": 0.8392156958580017,
        "b": 0.8392156958580017,
        "a": 1.0
      },
      "bodyColors": [
        {
          "r": 0.9058823585510254,
          "g": 0.7882353067398071,
          "b": 0.7333333492279053,
          "a": 1.0
        },
        {
          "r": 0.8196078538894653,
          "g": 0.7568627595901489,
          "b": 0.729411780834198,
          "a": 1.0
        },
        {
          "r": 0.6509804129600525,
          "g": 0.364705890417099,
          "b": 0.3450980484485626,
          "a": 1.0
        },
        {
          "r": 0.47058823704719543,
          "g": 0.33725491166114807,
          "b": 0.3176470696926117,
          "a": 1.0
        }
      ],
      "instanceId": 30012
    },
    {
      "crowdTypeID": 434,
      "animConfigID": 5,
      "spawnPosition": {
        "x": -1197.2020263671875,
        "y": 303.2043151855469,
        "z": 9472.646484375
      },
      "spawnFaceFwd": {
        "x": 0.35183411836624146,
        "z": 0.9360623359680176
      },
      "hairColor": {
        "r": 0.3960784375667572,
        "g": 0.27843138575553894,
        "b": 0.1882352977991104,
        "a": 1.0
      },
      "bodyColors": [
        {
          "r": 0.9333333373069763,
          "g": 0.8666666746139526,
          "b": 0.843137264251709,
          "a": 1.0
        },
        {
          "r": 0.8196078538894653,
          "g": 0.7568627595901489,
          "b": 0.729411780834198,
          "a": 1.0
        },
        {
          "r": 0.6509804129600525,
          "g": 0.364705890417099,
          "b": 0.3450980484485626,
          "a": 1.0
        },
        {
          "r": 0.47058823704719543,
          "g": 0.33725491166114807,
          "b": 0.3176470696926117,
          "a": 1.0
        }
      ],
      "instanceId": 30013
    },
    {
      "crowdTypeID": 434,
      "animConfigID": 4,
      "spawnPosition": {
        "x": -1183.698974609375,
        "y": 302.860107421875,
        "z": 9505.486328125
      },
      "spawnFaceFwd": {
        "x": -0.9553345441818237,
        "z": -0.29552626609802246
      },
      "hairColor": {
        "r": 0.4274509847164154,
        "g": 0.37254902720451355,
        "b": 0.3019607961177826,
        "a": 1.0
      },
      "bodyColors": [
        {
          "r": 0.9333333373069763,
          "g": 0.8666666746139526,
          "b": 0.843137264251709,
          "a": 1.0
        },
        {
          "r": 0.8196078538894653,
          "g": 0.7568627595901489,
          "b": 0.729411780834198,
          "a": 1.0
        },
        {
          "r": 0.6509804129600525,
          "g": 0.364705890417099,
          "b": 0.3450980484485626,
          "a": 1.0
        },
        {
          "r": 0.47058823704719543,
          "g": 0.33725491166114807,
          "b": 0.3176470696926117,
          "a": 1.0
        }
      ],
      "instanceId": 30014
    },
    {
      "crowdTypeID": 418,
      "animConfigID": 9,
      "spawnPosition": {
        "x": -1257.9449462890625,
        "y": 280.1886901855469,
        "z": 9600.494140625
      },
      "spawnFaceFwd": {
        "x": -0.3710585832595825,
        "z": 0.9286094903945923
      },
      "hairColor": {
        "r": 0.32156863808631897,
        "g": 0.21568627655506134,
        "b": 0.18039216101169586,
        "a": 1.0
      },
      "bodyColors": [
        {
          "r": 0.7921568751335144,
          "g": 0.6549019813537598,
          "b": 0.5843137502670288,
          "a": 1.0
        },
        {
          "r": 0.8196078538894653,
          "g": 0.7568627595901489,
          "b": 0.729411780834198,
          "a": 1.0
        },
        {
          "r": 0.6509804129600525,
          "g": 0.364705890417099,
          "b": 0.3450980484485626,
          "a": 1.0
        },
        {
          "r": 0.47058823704719543,
          "g": 0.33725491166114807,
          "b": 0.3176470696926117,
          "a": 1.0
        }
      ],
      "instanceId": 30015
    },
    {
      "crowdTypeID": 447,
      "animConfigID": 2,
      "spawnPosition": {
        "x": -1188.0269775390625,
        "y": 306.1333923339844,
        "z": 9471.8134765625
      },
      "spawnFaceFwd": {
        "x": -0.5445585250854492,
        "z": 0.838722825050354
      },
      "hairColor": {
        "r": 0.32156863808631897,
        "g": 0.21568627655506134,
        "b": 0.18039216101169586,
        "a": 1.0
      },
      "bodyColors": [
        {
          "r": 0.7921568751335144,
          "g": 0.6549019813537598,
          "b": 0.5843137502670288,
          "a": 1.0
        },
        {
          "r": 0.8313725590705872,
          "g": 0.7490196228027344,
          "b": 0.7372549176216125,
          "a": 1.0
        },
        {
          "r": 0.7019608020782471,
          "g": 0.49803921580314636,
          "b": 0.4117647111415863,
          "a": 1.0
        },
        {
          "r": 0.34117648005485535,
          "g": 0.1921568661928177,
          "b": 0.1882352977991104,
          "a": 1.0
        }
      ],
      "instanceId": 30016
    },
    {
      "crowdTypeID": 432,
      "animConfigID": 3,
      "spawnPosition": {
        "x": -1119.4930419921875,
        "y": 314.35919189453125,
        "z": 9532.099609375
      },
      "spawnFaceFwd": {
        "x": -0.07796693593263626,
        "z": 0.996955931186676
      },
      "hairColor": {
        "r": 0.32156863808631897,
        "g": 0.21568627655506134,
        "b": 0.18039216101169586,
        "a": 1.0
      },
      "bodyColors": [
        {
          "r": 0.9333333373069763,
          "g": 0.8666666746139526,
          "b": 0.843137264251709,
          "a": 1.0
        },
        {
          "r": 0.47058823704719543,
          "g": 0.33725491166114807,
          "b": 0.3176470696926117,
          "a": 1.0
        },
        {
          "r": 0.6509804129600525,
          "g": 0.364705890417099,
          "b": 0.3450980484485626,
          "a": 1.0
        },
        {
          "r": 0.8196078538894653,
          "g": 0.7568627595901489,
          "b": 0.729411780834198,
          "a": 1.0
        }
      ],
      "instanceId": 30020
    },
    {
      "crowdTypeID": 414,
      "animConfigID": 4,
      "spawnPosition": {
        "x": -1119.4840087890625,
        "y": 314.3113098144531,
        "z": 9533.712890625
      },
      "spawnFaceFwd": {
        "x": 0.07367926836013794,
        "y": 0.21834421157836914,
        "z": -0.9730865955352783
      },
      "hairColor": {
        "r": 0.4274509847164154,
        "g": 0.37254902720451355,
        "b": 0.3019607961177826,
        "a": 1.0
      },
      "bodyColors": [
        {
          "r": 0.9333333373069763,
          "g": 0.8666666746139526,
          "b": 0.843137264251709,
          "a": 1.0
        },
        {
          "r": 0.47058823704719543,
          "g": 0.33725491166114807,
          "b": 0.3176470696926117,
          "a": 1.0
        },
        {
          "r": 0.6509804129600525,
          "g": 0.364705890417099,
          "b": 0.3450980484485626,
          "a": 1.0
        },
        {
          "r": 0.8196078538894653,
          "g": 0.7568627595901489,
          "b": 0.729411780834198,
          "a": 1.0
        }
      ],
      "instanceId": 30021
    }
  ]
}