{
  "crowdSpawnInfos": [
    {
      "crowdTypeID": 403,
      "animConfigID": 2,
      "spawnPosition": {
        "x": -1934.4580078125,
        "y": 63.1821403503418,
        "z": 9063.904296875
      },
      "spawnFaceFwd": {
        "x": 0.9947521090507507,
        "z": -0.10231351852416992
      },
      "hairColor": {
        "r": 0.5215686559677124,
        "g": 0.40392157435417175,
        "b": 0.2549019753932953,
        "a": 1.0
      },
      "bodyColors": [
        {
          "r": 0.9058823585510254,
          "g": 0.7882353067398071,
          "b": 0.7333333492279053,
          "a": 1.0
        },
        {
          "r": 0.6901960968971252,
          "g": 0.7098039388656616,
          "b": 0.686274528503418,
          "a": 1.0
        },
        {
          "r": 0.2705882489681244,
          "g": 0.32549020648002625,
          "b": 0.33725491166114807,
          "a": 1.0
        },
        {
          "r": 0.47058823704719543,
          "g": 0.5960784554481506,
          "b": 0.40392157435417175,
          "a": 1.0
        }
      ],
      "instanceId": 130001
    },
    {
      "crowdTypeID": 436,
      "animConfigID": 1,
      "spawnPosition": {
        "x": -1934.0489501953125,
        "y": 63.16838073730469,
        "z": 9063.0517578125
      },
      "spawnFaceFwd": {
        "x": 0.9258512258529663,
        "z": 0.37788814306259155
      },
      "hairColor": {
        "r": 0.5215686559677124,
        "g": 0.40392157435417175,
        "b": 0.2549019753932953,
        "a": 1.0
      },
      "bodyColors": [
        {
          "r": 0.9058823585510254,
          "g": 0.7882353067398071,
          "b": 0.7333333492279053,
          "a": 1.0
        },
        {
          "r": 0.7333333492279053,
          "g": 0.5882353186607361,
          "b": 0.3803921639919281,
          "a": 1.0
        },
        {
          "r": 0.47843137383461,
          "g": 0.32156863808631897,
          "b": 0.2078431397676468,
          "a": 1.0
        },
        {
          "r": 0.3450980484485626,
          "g": 0.2980392277240753,
          "b": 0.23529411852359772,
          "a": 1.0
        }
      ],
      "instanceId": 130002
    },
    {
      "crowdTypeID": 484,
      "animConfigID": 2,
      "spawnPosition": {
        "x": -1873.31201171875,
        "y": 67.7631607055664,
        "z": 9070.685546875
      },
      "spawnFaceFwd": {
        "x": -0.0984668880701065,
        "z": -0.9951404333114624
      },
      "hairColor": {
        "r": 0.5215686559677124,
        "g": 0.40392157435417175,
        "b": 0.2549019753932953,
        "a": 1.0
      },
      "bodyColors": [
        {
          "r": 0.9058823585510254,
          "g": 0.7882353067398071,
          "b": 0.7333333492279053,
          "a": 1.0
        },
        {
          "r": 0.8627451062202454,
          "g": 0.8509804010391235,
          "b": 0.8156862854957581,
          "a": 1.0
        },
        {
          "r": 0.7764706015586853,
          "g": 0.6274510025978088,
          "b": 0.4313725531101227,
          "a": 1.0
        },
        {
          "r": 0.4901960790157318,
          "g": 0.3607843220233917,
          "b": 0.27450981736183167,
          "a": 1.0
        }
      ],
      "instanceId": 130003
    },
    {
      "crowdTypeID": 418,
      "animConfigID": 5,
      "spawnPosition": {
        "x": -1873.2679443359375,
        "y": 67.79183959960938,
        "z": 9069.404296875
      },
      "spawnFaceFwd": {
        "x": -0.24389272928237915,
        "z": 0.96980220079422
      },
      "hairColor": {
        "r": 0.32156863808631897,
        "g": 0.21568627655506134,
        "b": 0.18039216101169586,
        "a": 1.0
      },
      "bodyColors": [
        {
          "r": 0.9058823585510254,
          "g": 0.7882353067398071,
          "b": 0.7333333492279053,
          "a": 1.0
        },
        {
          "r": 0.8196078538894653,
          "g": 0.7568627595901489,
          "b": 0.729411780834198,
          "a": 1.0
        },
        {
          "r": 0.6509804129600525,
          "g": 0.364705890417099,
          "b": 0.3450980484485626,
          "a": 1.0
        },
        {
          "r": 0.47058823704719543,
          "g": 0.33725491166114807,
          "b": 0.3176470696926117,
          "a": 1.0
        }
      ],
      "instanceId": 130004
    },
    {
      "crowdTypeID": 417,
      "animConfigID": 11,
      "spawnPosition": {
        "x": -1926.407958984375,
        "y": 67.76358795166016,
        "z": 9041.025390625
      },
      "spawnFaceFwd": {
        "x": 0.32639268040657043,
        "z": 0.9452342391014099
      },
      "hairColor": {
        "r": 0.3960784375667572,
        "g": 0.27843138575553894,
        "b": 0.1882352977991104,
        "a": 1.0
      },
      "bodyColors": [
        {
          "r": 0.9058823585510254,
          "g": 0.7882353067398071,
          "b": 0.7333333492279053,
          "a": 1.0
        },
        {
          "r": 0.3450980484485626,
          "g": 0.2980392277240753,
          "b": 0.23529411852359772,
          "a": 1.0
        },
        {
          "r": 0.47843137383461,
          "g": 0.32156863808631897,
          "b": 0.2078431397676468,
          "a": 1.0
        },
        {
          "r": 0.7333333492279053,
          "g": 0.5882353186607361,
          "b": 0.3803921639919281,
          "a": 1.0
        }
      ],
      "instanceId": 130005
    },
    {
      "crowdTypeID": 418,
      "animConfigID": 2,
      "spawnPosition": {
        "x": -1927.2679443359375,
        "y": 67.76363372802734,
        "z": 9041.705078125
      },
      "spawnFaceFwd": {
        "x": 0.8462901711463928,
        "z": 0.5327222347259521
      },
      "hairColor": {
        "r": 0.3960784375667572,
        "g": 0.27843138575553894,
        "b": 0.1882352977991104,
        "a": 1.0
      },
      "bodyColors": [
        {
          "r": 0.9058823585510254,
          "g": 0.7882353067398071,
          "b": 0.7333333492279053,
          "a": 1.0
        },
        {
          "r": 0.7960784435272217,
          "g": 0.7490196228027344,
          "b": 0.6941176652908325,
          "a": 1.0
        },
        {
          "r": 0.5058823823928833,
          "g": 0.43921568989753723,
          "b": 0.5607843399047852,
          "a": 1.0
        },
        {
          "r": 0.30980393290519714,
          "g": 0.24705882370471954,
          "b": 0.34117648005485535,
          "a": 1.0
        }
      ],
      "instanceId": 130006
    },
    {
      "crowdTypeID": 415,
      "animConfigID": 4,
      "spawnPosition": {
        "x": -1881.4129638671875,
        "y": 63.16183090209961,
        "z": 9053.728515625
      },
      "spawnFaceFwd": {
        "x": -0.5335509777069092,
        "y": 0.06789351999759674,
        "z": 0.8430384993553162
      },
      "hairColor": {
        "r": 0.5215686559677124,
        "g": 0.40392157435417175,
        "b": 0.2549019753932953,
        "a": 1.0
      },
      "bodyColors": [
        {
          "r": 0.9058823585510254,
          "g": 0.7882353067398071,
          "b": 0.7333333492279053,
          "a": 1.0
        },
        {
          "r": 0.2705882489681244,
          "g": 0.32549020648002625,
          "b": 0.33725491166114807,
          "a": 1.0
        },
        {
          "r": 0.47058823704719543,
          "g": 0.5960784554481506,
          "b": 0.40392157435417175,
          "a": 1.0
        },
        {
          "r": 0.6901960968971252,
          "g": 0.7098039388656616,
          "b": 0.686274528503418,
          "a": 1.0
        }
      ],
      "instanceId": 130007
    },
    {
      "crowdTypeID": 438,
      "animConfigID": 1,
      "spawnPosition": {
        "x": -1882.01904296875,
        "y": 63.1821403503418,
        "z": 9055.0546875
      },
      "spawnFaceFwd": {
        "x": 0.02737385965883732,
        "z": -0.9996252059936523
      },
      "hairColor": {
        "r": 0.25882354378700256,
        "g": 0.25882354378700256,
        "b": 0.25882354378700256,
        "a": 1.0
      },
      "bodyColors": [
        {
          "r": 0.7921568751335144,
          "g": 0.6549019813537598,
          "b": 0.5843137502670288,
          "a": 1.0
        },
        {
          "r": 0.6313725709915161,
          "g": 0.7686274647712708,
          "b": 0.7372549176216125,
          "a": 1.0
        },
        {
          "r": 0.2980392277240753,
          "g": 0.4901960790157318,
          "b": 0.5803921818733215,
          "a": 1.0
        },
        {
          "r": 0.21176470816135406,
          "g": 0.32549020648002625,
          "b": 0.3803921639919281,
          "a": 1.0
        }
      ],
      "instanceId": 130008
    }
  ]
}