{
  "crowdSpawnInfos": [
    {
      "crowdTypeID": 336,
      "animConfigID": 1,
      "spawnPosition": {
        "x": 2252.678955078125,
        "y": 215.99000549316406,
        "z": -871.0986938476562
      },
      "spawnFaceFwd": {
        "x": -0.953264594078064,
        "y": -2.9953687885608815e-07,
        "z": 0.30213677883148193
      },
      "hairColor": {
        "r": 0.4274509847164154,
        "g": 0.37254902720451355,
        "b": 0.3019607961177826,
        "a": 1.0
      },
      "bodyColors": [
        {
          "r": 1.0,
          "g": 0.9137254953384399,
          "b": 0.8627451062202454,
          "a": 1.0
        },
        {
          "r": 0.7647058963775635,
          "g": 0.7568627595901489,
          "b": 0.6784313917160034,
          "a": 1.0
        },
        {
          "r": 0.3137255012989044,
          "g": 0.42352941632270813,
          "b": 0.4627451002597809,
          "a": 1.0
        },
        {
          "r": 0.20392157137393951,
          "g": 0.16470588743686676,
          "b": 0.27450981736183167,
          "a": 1.0
        }
      ],
      "instanceId": 60001
    },
    {
      "crowdTypeID": 345,
      "spawnPosition": {
        "x": 2251.48291015625,
        "y": 215.99000549316406,
        "z": -871.2598266601562
      },
      "spawnFaceFwd": {
        "x": 0.8543515205383301,
        "z": 0.519695520401001
      },
      "hairColor": {
        "r": 0.5215686559677124,
        "g": 0.40392157435417175,
        "b": 0.2549019753932953,
        "a": 1.0
      },
      "bodyColors": [
        {
          "r": 0.9843137264251709,
          "g": 0.8941176533699036,
          "b": 0.8549019694328308,
          "a": 1.0
        },
        {
          "r": 0.3137255012989044,
          "g": 0.42352941632270813,
          "b": 0.4627451002597809,
          "a": 1.0
        },
        {
          "r": 0.7647058963775635,
          "g": 0.7568627595901489,
          "b": 0.6784313917160034,
          "a": 1.0
        },
        {
          "r": 0.20392157137393951,
          "g": 0.16470588743686676,
          "b": 0.27450981736183167,
          "a": 1.0
        }
      ],
      "instanceId": 60002
    },
    {
      "crowdTypeID": 336,
      "animConfigID": 1,
      "spawnPosition": {
        "x": 2243.7060546875,
        "y": 215.99000549316406,
        "z": -879.568115234375
      },
      "spawnFaceFwd": {
        "x": 0.8056068420410156,
        "y": 4.6429096300926176e-07,
        "z": -0.5924504995346069
      },
      "hairColor": {
        "r": 0.25882354378700256,
        "g": 0.25882354378700256,
        "b": 0.25882354378700256,
        "a": 1.0
      },
      "bodyColors": [
        {
          "r": 1.0,
          "g": 0.9137254953384399,
          "b": 0.8627451062202454,
          "a": 1.0
        },
        {
          "r": 0.9450980424880981,
          "g": 0.9333333373069763,
          "b": 0.9372549057006836,
          "a": 1.0
        },
        {
          "r": 0.8117647171020508,
          "g": 0.7176470756530762,
          "b": 0.5568627715110779,
          "a": 1.0
        },
        {
          "r": 0.42352941632270813,
          "g": 0.2666666805744171,
          "b": 0.21960784494876862,
          "a": 1.0
        }
      ],
      "instanceId": 60003
    },
    {
      "crowdTypeID": 345,
      "spawnPosition": {
        "x": 2244.756103515625,
        "y": 215.99000549316406,
        "z": -880.1640014648438
      },
      "spawnFaceFwd": {
        "x": -0.7832575440406799,
        "y": -6.084613914936199e-07,
        "z": 0.6216973662376404
      },
      "hairColor": {
        "r": 0.3960784375667572,
        "g": 0.27843138575553894,
        "b": 0.1882352977991104,
        "a": 1.0
      },
      "bodyColors": [
        {
          "r": 0.9843137264251709,
          "g": 0.8941176533699036,
          "b": 0.8549019694328308,
          "a": 1.0
        },
        {
          "r": 0.6352941393852234,
          "g": 0.6039215922355652,
          "b": 0.4901960790157318,
          "a": 1.0
        },
        {
          "r": 0.8980392217636108,
          "g": 0.8980392217636108,
          "b": 0.8313725590705872,
          "a": 1.0
        },
        {
          "r": 0.11764705926179886,
          "g": 0.29019609093666077,
          "b": 0.2823529541492462,
          "a": 1.0
        }
      ],
      "instanceId": 60004
    },
    {
      "crowdTypeID": 334,
      "spawnPosition": {
        "x": 2264.18701171875,
        "y": 216.08999633789062,
        "z": -896.2235107421875
      },
      "spawnFaceFwd": {
        "x": 0.8056068420410156,
        "y": 4.642911051178089e-07,
        "z": -0.5924504995346069
      },
      "hairColor": {
        "r": 0.32156863808631897,
        "g": 0.21568627655506134,
        "b": 0.18039216101169586,
        "a": 1.0
      },
      "bodyColors": [
        {
          "r": 1.0,
          "g": 0.9137254953384399,
          "b": 0.8627451062202454,
          "a": 1.0
        },
        {
          "r": 0.9019607901573181,
          "g": 0.8549019694328308,
          "b": 0.8274509906768799,
          "a": 1.0
        },
        {
          "r": 0.4901960790157318,
          "g": 0.6000000238418579,
          "b": 0.6000000238418579,
          "a": 1.0
        },
        {
          "r": 0.34117648005485535,
          "g": 0.4431372582912445,
          "b": 0.5686274766921997,
          "a": 1.0
        }
      ],
      "instanceId": 60005
    },
    {
      "crowdTypeID": 336,
      "animConfigID": 1,
      "spawnPosition": {
        "x": 2256.52587890625,
        "y": 215.99000549316406,
        "z": -892.0526733398438
      },
      "spawnFaceFwd": {
        "x": 0.34660178422927856,
        "y": 5.872453812116873e-07,
        "z": -0.9380124807357788
      },
      "hairColor": {
        "r": 0.32156863808631897,
        "g": 0.21568627655506134,
        "b": 0.18039216101169586,
        "a": 1.0
      },
      "bodyColors": [
        {
          "r": 1.0,
          "g": 0.9137254953384399,
          "b": 0.8627451062202454,
          "a": 1.0
        },
        {
          "r": 0.8666666746139526,
          "g": 0.8627451062202454,
          "b": 0.8588235378265381,
          "a": 1.0
        },
        {
          "r": 0.30588236451148987,
          "g": 0.1568627506494522,
          "b": 0.22745098173618317,
          "a": 1.0
        },
        {
          "r": 0.5568627715110779,
          "g": 0.6352941393852234,
          "b": 0.6745098233222961,
          "a": 1.0
        }
      ],
      "instanceId": 60006
    },
    {
      "crowdTypeID": 366,
      "spawnPosition": {
        "x": 2257.137939453125,
        "y": 215.99000549316406,
        "z": -892.9686279296875
      },
      "spawnFaceFwd": {
        "x": -0.5422316193580627,
        "y": 5.3170985836459295e-08,
        "z": 0.8402290344238281
      },
      "hairColor": {
        "r": 0.25882354378700256,
        "g": 0.25882354378700256,
        "b": 0.25882354378700256,
        "a": 1.0
      },
      "bodyColors": [
        {
          "r": 1.0,
          "g": 0.9137254953384399,
          "b": 0.8627451062202454,
          "a": 1.0
        },
        {
          "r": 0.8666666746139526,
          "g": 0.8627451062202454,
          "b": 0.8588235378265381,
          "a": 1.0
        },
        {
          "r": 0.5568627715110779,
          "g": 0.6352941393852234,
          "b": 0.6745098233222961,
          "a": 1.0
        },
        {
          "r": 0.30588236451148987,
          "g": 0.1568627506494522,
          "b": 0.22745098173618317,
          "a": 1.0
        }
      ],
      "instanceId": 60007
    },
    {
      "crowdTypeID": 328,
      "spawnPosition": {
        "x": 2256.14306640625,
        "y": 215.99000549316406,
        "z": -893.0584716796875
      },
      "spawnFaceFwd": {
        "x": 0.3342105448246002,
        "y": -2.0373839504372881e-07,
        "z": 0.9424984455108643
      },
      "hairColor": {
        "r": 0.8392156958580017,
        "g": 0.8392156958580017,
        "b": 0.8392156958580017,
        "a": 1.0
      },
      "bodyColors": [
        {
          "r": 0.9843137264251709,
          "g": 0.8941176533699036,
          "b": 0.8549019694328308,
          "a": 1.0
        },
        {
          "r": 0.8980392217636108,
          "g": 0.8980392217636108,
          "b": 0.8313725590705872,
          "a": 1.0
        },
        {
          "r": 0.6352941393852234,
          "g": 0.6039215922355652,
          "b": 0.4901960790157318,
          "a": 1.0
        },
        {
          "r": 0.11764705926179886,
          "g": 0.29019609093666077,
          "b": 0.2823529541492462,
          "a": 1.0
        }
      ],
      "instanceId": 60008
    },
    {
      "crowdTypeID": 329,
      "spawnPosition": {
        "x": 2241.614990234375,
        "y": 216.08999633789062,
        "z": -888.4566040039062
      },
      "spawnFaceFwd": {
        "x": -0.9891911149024963,
        "y": 1.2187985021228087e-07,
        "z": 0.1466318964958191
      },
      "hairColor": {
        "r": 0.8392156958580017,
        "g": 0.8392156958580017,
        "b": 0.8392156958580017,
        "a": 1.0
      },
      "bodyColors": [
        {
          "r": 0.9843137264251709,
          "g": 0.8941176533699036,
          "b": 0.8549019694328308,
          "a": 1.0
        },
        {
          "r": 0.8117647171020508,
          "g": 0.7176470756530762,
          "b": 0.5568627715110779,
          "a": 1.0
        },
        {
          "r": 0.42352941632270813,
          "g": 0.2666666805744171,
          "b": 0.21960784494876862,
          "a": 1.0
        },
        {
          "r": 0.9450980424880981,
          "g": 0.9333333373069763,
          "b": 0.9372549057006836,
          "a": 1.0
        }
      ],
      "instanceId": 60009
    }
  ]
}