{
  "crowdSpawnInfos": [
    {
      "crowdTypeID": 409,
      "spawnPosition": {
        "x": -2844.06201171875,
        "y": 213.53269958496094,
        "z": 9058.986328125
      },
      "spawnFaceFwd": {
        "x": 0.969871997833252,
        "z": 0.24361509084701538
      },
      "hairColor": {
        "r": 0.3960784375667572,
        "g": 0.27843138575553894,
        "b": 0.1882352977991104,
        "a": 1.0
      },
      "bodyColors": [
        {
          "r": 0.9058823585510254,
          "g": 0.7882353067398071,
          "b": 0.7333333492279053,
          "a": 1.0
        },
        {
          "r": 0.8352941274642944,
          "g": 0.8705882430076599,
          "b": 0.8901960849761963,
          "a": 1.0
        },
        {
          "r": 0.37254902720451355,
          "g": 0.5843137502670288,
          "b": 0.6196078658103943,
          "a": 1.0
        },
        {
          "r": 0.1568627506494522,
          "g": 0.23137255012989044,
          "b": 0.2705882489681244,
          "a": 1.0
        }
      ],
      "instanceId": 150001
    },
    {
      "crowdTypeID": 424,
      "spawnPosition": {
        "x": -2848.700927734375,
        "y": 213.80740356445312,
        "z": 9056.7646484375
      },
      "spawnFaceFwd": {
        "x": -0.6912935972213745,
        "z": -0.7225738763809204
      },
      "hairColor": {
        "r": 0.5215686559677124,
        "g": 0.40392157435417175,
        "b": 0.2549019753932953,
        "a": 1.0
      },
      "bodyColors": [
        {
          "r": 0.9058823585510254,
          "g": 0.7882353067398071,
          "b": 0.7333333492279053,
          "a": 1.0
        },
        {
          "r": 0.5215686559677124,
          "g": 0.6784313917160034,
          "b": 0.7882353067398071,
          "a": 1.0
        },
        {
          "r": 0.8941176533699036,
          "g": 0.8941176533699036,
          "b": 0.8941176533699036,
          "a": 1.0
        },
        {
          "r": 0.27843138575553894,
          "g": 0.38823530077934265,
          "b": 0.501960813999176,
          "a": 1.0
        }
      ],
      "instanceId": 150002
    },
    {
      "crowdTypeID": 440,
      "animConfigID": 3,
      "spawnPosition": {
        "x": -2845.677001953125,
        "y": 213.80760192871094,
        "z": 9045.0087890625
      },
      "spawnFaceFwd": {
        "x": 0.7986354827880859,
        "z": 0.6018150448799133
      },
      "hairColor": {
        "r": 0.25882354378700256,
        "g": 0.25882354378700256,
        "b": 0.25882354378700256,
        "a": 1.0
      },
      "bodyColors": [
        {
          "r": 0.9058823585510254,
          "g": 0.7882353067398071,
          "b": 0.7333333492279053,
          "a": 1.0
        },
        {
          "r": 0.9137254953384399,
          "g": 0.9607843160629272,
          "b": 0.9411764740943909,
          "a": 1.0
        },
        {
          "r": 0.3019607961177826,
          "g": 0.5254902243614197,
          "b": 0.5490196347236633,
          "a": 1.0
        },
        {
          "r": 0.22745098173618317,
          "g": 0.3333333432674408,
          "b": 0.38823530077934265,
          "a": 1.0
        }
      ],
      "instanceId": 150003
    },
    {
      "crowdTypeID": 413,
      "animConfigID": 1,
      "spawnPosition": {
        "x": -2817.27197265625,
        "y": 213.53280639648438,
        "z": 9046.6806640625
      },
      "spawnFaceFwd": {
        "x": -0.3420201539993286,
        "z": -0.939692497253418
      },
      "hairColor": {
        "r": 0.5215686559677124,
        "g": 0.40392157435417175,
        "b": 0.2549019753932953,
        "a": 1.0
      },
      "bodyColors": [
        {
          "r": 0.9058823585510254,
          "g": 0.7882353067398071,
          "b": 0.7333333492279053,
          "a": 1.0
        },
        {
          "r": 0.6313725709915161,
          "g": 0.7686274647712708,
          "b": 0.7372549176216125,
          "a": 1.0
        },
        {
          "r": 0.2980392277240753,
          "g": 0.4901960790157318,
          "b": 0.5803921818733215,
          "a": 1.0
        },
        {
          "r": 0.21176470816135406,
          "g": 0.32549020648002625,
          "b": 0.3803921639919281,
          "a": 1.0
        }
      ],
      "instanceId": 150004
    },
    {
      "crowdTypeID": 425,
      "animConfigID": 4,
      "spawnPosition": {
        "x": -2846.166015625,
        "y": 213.80760192871094,
        "z": 9044.0185546875
      },
      "spawnFaceFwd": {
        "x": -0.3420201539993286,
        "z": -0.939692497253418
      },
      "hairColor": {
        "r": 0.29019609093666077,
        "g": 0.3176470696926117,
        "b": 0.3529411852359772,
        "a": 1.0
      },
      "bodyColors": [
        {
          "r": 0.9058823585510254,
          "g": 0.7882353067398071,
          "b": 0.7333333492279053,
          "a": 1.0
        },
        {
          "r": 0.22745098173618317,
          "g": 0.3333333432674408,
          "b": 0.38823530077934265,
          "a": 1.0
        },
        {
          "r": 0.9137254953384399,
          "g": 0.9607843160629272,
          "b": 0.9411764740943909,
          "a": 1.0
        },
        {
          "r": 0.3019607961177826,
          "g": 0.5254902243614197,
          "b": 0.5490196347236633,
          "a": 1.0
        }
      ],
      "instanceId": 150005
    },
    {
      "crowdTypeID": 418,
      "animConfigID": 2,
      "spawnPosition": {
        "x": -2849.489990234375,
        "y": 213.82269287109375,
        "z": 9057.2578125
      },
      "spawnFaceFwd": {
        "x": -0.33643800020217896,
        "z": -0.9417054653167725
      },
      "hairColor": {
        "r": 0.5215686559677124,
        "g": 0.40392157435417175,
        "b": 0.2549019753932953,
        "a": 1.0
      },
      "bodyColors": [
        {
          "r": 0.9058823585510254,
          "g": 0.7882353067398071,
          "b": 0.7333333492279053,
          "a": 1.0
        },
        {
          "r": 0.6313725709915161,
          "g": 0.7686274647712708,
          "b": 0.7372549176216125,
          "a": 1.0
        },
        {
          "r": 0.2980392277240753,
          "g": 0.4901960790157318,
          "b": 0.5803921818733215,
          "a": 1.0
        },
        {
          "r": 0.21176470816135406,
          "g": 0.32549020648002625,
          "b": 0.3803921639919281,
          "a": 1.0
        }
      ],
      "instanceId": 150006
    },
    {
      "crowdTypeID": 398,
      "spawnPosition": {
        "x": -2842.492919921875,
        "y": 213.53269958496094,
        "z": 9046.6357421875
      },
      "spawnFaceFwd": {
        "x": 0.06185232475399971,
        "z": 0.9980853199958801
      },
      "hairColor": {
        "r": 0.5215686559677124,
        "g": 0.40392157435417175,
        "b": 0.2549019753932953,
        "a": 1.0
      },
      "bodyColors": [
        {
          "r": 0.9058823585510254,
          "g": 0.7882353067398071,
          "b": 0.7333333492279053,
          "a": 1.0
        },
        {
          "r": 0.21176470816135406,
          "g": 0.32549020648002625,
          "b": 0.3803921639919281,
          "a": 1.0
        },
        {
          "r": 0.2980392277240753,
          "g": 0.4901960790157318,
          "b": 0.5803921818733215,
          "a": 1.0
        },
        {
          "r": 0.6313725709915161,
          "g": 0.7686274647712708,
          "b": 0.7372549176216125,
          "a": 1.0
        }
      ],
      "instanceId": 150007
    },
    {
      "crowdTypeID": 423,
      "animConfigID": 1,
      "spawnPosition": {
        "x": -2848.131103515625,
        "y": 213.80760192871094,
        "z": 9042.4013671875
      },
      "spawnFaceFwd": {
        "x": 0.08541692048311234,
        "z": 0.9963452816009521
      },
      "hairColor": {
        "r": 0.5215686559677124,
        "g": 0.40392157435417175,
        "b": 0.2549019753932953,
        "a": 1.0
      },
      "bodyColors": [
        {
          "r": 0.9333333373069763,
          "g": 0.8666666746139526,
          "b": 0.843137264251709,
          "a": 1.0
        },
        {
          "r": 0.5215686559677124,
          "g": 0.6784313917160034,
          "b": 0.7882353067398071,
          "a": 1.0
        },
        {
          "r": 0.8941176533699036,
          "g": 0.8941176533699036,
          "b": 0.8941176533699036,
          "a": 1.0
        },
        {
          "r": 0.27843138575553894,
          "g": 0.38823530077934265,
          "b": 0.501960813999176,
          "a": 1.0
        }
      ],
      "instanceId": 150008
    },
    {
      "crowdTypeID": 417,
      "animConfigID": 4,
      "spawnPosition": {
        "x": -2845.30908203125,
        "y": 213.53269958496094,
        "z": 9054.533203125
      },
      "spawnFaceFwd": {
        "x": -0.020942434668540955,
        "z": -0.9997806549072266
      },
      "hairColor": {
        "r": 0.5215686559677124,
        "g": 0.40392157435417175,
        "b": 0.2549019753932953,
        "a": 1.0
      },
      "bodyColors": [
        {
          "r": 0.9058823585510254,
          "g": 0.7882353067398071,
          "b": 0.7333333492279053,
          "a": 1.0
        },
        {
          "r": 0.8352941274642944,
          "g": 0.8705882430076599,
          "b": 0.8901960849761963,
          "a": 1.0
        },
        {
          "r": 0.37254902720451355,
          "g": 0.5843137502670288,
          "b": 0.6196078658103943,
          "a": 1.0
        },
        {
          "r": 0.1568627506494522,
          "g": 0.23137255012989044,
          "b": 0.2705882489681244,
          "a": 1.0
        }
      ],
      "instanceId": 150009
    },
    {
      "crowdTypeID": 419,
      "spawnPosition": {
        "x": -2838.218994140625,
        "y": 213.53280639648438,
        "z": 9056.37109375
      },
      "spawnFaceFwd": {
        "x": -0.3420201539993286,
        "z": -0.939692497253418
      },
      "hairColor": {
        "r": 0.8392156958580017,
        "g": 0.8392156958580017,
        "b": 0.8392156958580017,
        "a": 1.0
      },
      "bodyColors": [
        {
          "r": 0.9333333373069763,
          "g": 0.8666666746139526,
          "b": 0.843137264251709,
          "a": 1.0
        },
        {
          "r": 0.8352941274642944,
          "g": 0.8705882430076599,
          "b": 0.8901960849761963,
          "a": 1.0
        },
        {
          "r": 0.37254902720451355,
          "g": 0.5843137502670288,
          "b": 0.6196078658103943,
          "a": 1.0
        },
        {
          "r": 0.1568627506494522,
          "g": 0.23137255012989044,
          "b": 0.2705882489681244,
          "a": 1.0
        }
      ],
      "instanceId": 150010
    },
    {
      "crowdTypeID": 488,
      "spawnPosition": {
        "x": -2837.387939453125,
        "y": 213.53030395507812,
        "z": 9055.23828125
      },
      "spawnFaceFwd": {
        "x": -0.7723614573478699,
        "z": 0.6351833343505859
      },
      "hairColor": {
        "r": 0.5215686559677124,
        "g": 0.40392157435417175,
        "b": 0.2549019753932953,
        "a": 1.0
      },
      "bodyColors": [
        {
          "r": 0.9058823585510254,
          "g": 0.7882353067398071,
          "b": 0.7333333492279053,
          "a": 1.0
        },
        {
          "r": 0.27843138575553894,
          "g": 0.38823530077934265,
          "b": 0.501960813999176,
          "a": 1.0
        },
        {
          "r": 0.8941176533699036,
          "g": 0.8941176533699036,
          "b": 0.8941176533699036,
          "a": 1.0
        },
        {
          "r": 0.5215686559677124,
          "g": 0.6784313917160034,
          "b": 0.7882353067398071,
          "a": 1.0
        }
      ],
      "instanceId": 150011
    }
  ]
}