{
    "crowdSpawnInfos": [
        {
            "crowdTypeID": 345,
            "spawnPosition": {
                "x": 3712.2919921875,
                "y": 506.6260070800781,
                "z": 4702.09912109375
            },
            "spawnFaceFwd": {
                "x": -0.9995201826095581,
                "z": -0.030974745750427246
            },
            "hairColor": {
                "r": 0.5215686559677124,
                "g": 0.40392157435417175,
                "b": 0.2549019753932953,
                "a": 1.0
            },
            "bodyColors": [
                {
                    "r": 0.9843137264251709,
                    "g": 0.8941176533699036,
                    "b": 0.8549019694328308,
                    "a": 1.0
                },
                {
                    "r": 0.6000000238418579,
                    "g": 0.5686274766921997,
                    "b": 0.658823549747467,
                    "a": 1.0
                },
                {
                    "r": 0.3176470696926117,
                    "g": 0.23529411852359772,
                    "b": 0.3176470696926117,
                    "a": 1.0
                },
                {
                    "r": 0.8549019694328308,
                    "g": 0.800000011920929,
                    "b": 0.7686274647712708,
                    "a": 1.0
                }
            ],
            "instanceId": 10001
        },
        {
            "crowdTypeID": 350,
            "animConfigID": 3,
            "spawnPosition": {
                "x": 3711.427001953125,
                "y": 506.6565856933594,
                "z": 4655.49609375
            },
            "spawnFaceFwd": {
                "x": -0.9852955937385559,
                "z": 0.17085808515548706
            },
            "hairColor": {
                "r": 0.5215686559677124,
                "g": 0.40392157435417175,
                "b": 0.2549019753932953,
                "a": 1.0
            },
            "bodyColors": [
                {
                    "r": 1.0,
                    "g": 0.9137254953384399,
                    "b": 0.8627451062202454,
                    "a": 1.0
                },
                {
                    "r": 0.9019607901573181,
                    "g": 0.8549019694328308,
                    "b": 0.8274509906768799,
                    "a": 1.0
                },
                {
                    "r": 0.34117648005485535,
                    "g": 0.4431372582912445,
                    "b": 0.5686274766921997,
                    "a": 1.0
                },
                {
                    "r": 0.4901960790157318,
                    "g": 0.6000000238418579,
                    "b": 0.6000000238418579,
                    "a": 1.0
                }
            ],
            "instanceId": 10002
        },
        {
            "crowdTypeID": 343,
            "animConfigID": 2,
            "spawnPosition": {
                "x": 3610.31591796875,
                "y": 510.1830139160156,
                "z": 4675.375
            },
            "spawnFaceFwd": {
                "x": -0.6952993273735046,
                "z": 0.7187202572822571
            },
            "hairColor": {
                "r": 0.4274509847164154,
                "g": 0.37254902720451355,
                "b": 0.3019607961177826,
                "a": 1.0
            },
            "bodyColors": [
                {
                    "r": 0.9843137264251709,
                    "g": 0.8941176533699036,
                    "b": 0.8549019694328308,
                    "a": 1.0
                },
                {
                    "r": 0.42352941632270813,
                    "g": 0.2666666805744171,
                    "b": 0.21960784494876862,
                    "a": 1.0
                },
                {
                    "r": 0.9450980424880981,
                    "g": 0.9333333373069763,
                    "b": 0.9372549057006836,
                    "a": 1.0
                },
                {
                    "r": 0.8117647171020508,
                    "g": 0.7176470756530762,
                    "b": 0.5568627715110779,
                    "a": 1.0
                }
            ],
            "instanceId": 10003
        },
        {
            "crowdTypeID": 336,
            "animConfigID": 4,
            "spawnPosition": {
                "x": 3609.552001953125,
                "y": 510.1830139160156,
                "z": 4676.1708984375
            },
            "spawnFaceFwd": {
                "x": 0.6613014936447144,
                "z": -0.7501202821731567
            },
            "hairColor": {
                "r": 0.32156863808631897,
                "g": 0.21568627655506134,
                "b": 0.18039216101169586,
                "a": 1.0
            },
            "bodyColors": [
                {
                    "r": 1.0,
                    "g": 0.9137254953384399,
                    "b": 0.8627451062202454,
                    "a": 1.0
                },
                {
                    "r": 0.6352941393852234,
                    "g": 0.6039215922355652,
                    "b": 0.4901960790157318,
                    "a": 1.0
                },
                {
                    "r": 0.11764705926179886,
                    "g": 0.29019609093666077,
                    "b": 0.2823529541492462,
                    "a": 1.0
                },
                {
                    "r": 0.8980392217636108,
                    "g": 0.8980392217636108,
                    "b": 0.8313725590705872,
                    "a": 1.0
                }
            ],
            "instanceId": 10004
        },
        {
            "crowdTypeID": 344,
            "animConfigID": 3,
            "spawnPosition": {
                "x": 3719.299072265625,
                "y": 506.6510009765625,
                "z": 4666.74609375
            },
            "spawnFaceFwd": {
                "x": -0.9882347583770752,
                "z": -0.15294456481933594
            },
            "sitOnChair": true,
            "hairColor": {
                "r": 0.4274509847164154,
                "g": 0.37254902720451355,
                "b": 0.3019607961177826,
                "a": 1.0
            },
            "bodyColors": [
                {
                    "r": 0.9843137264251709,
                    "g": 0.8941176533699036,
                    "b": 0.8549019694328308,
                    "a": 1.0
                },
                {
                    "r": 0.11764705926179886,
                    "g": 0.29019609093666077,
                    "b": 0.2823529541492462,
                    "a": 1.0
                },
                {
                    "r": 0.8980392217636108,
                    "g": 0.8980392217636108,
                    "b": 0.8313725590705872,
                    "a": 1.0
                },
                {
                    "r": 0.6352941393852234,
                    "g": 0.6039215922355652,
                    "b": 0.4901960790157318,
                    "a": 1.0
                }
            ],
            "instanceId": 10007
        },
        {
            "crowdTypeID": 332,
            "animConfigID": 2,
            "spawnPosition": {
                "x": 3719.136962890625,
                "y": 506.6335144042969,
                "z": 4667.40380859375
            },
            "spawnFaceFwd": {
                "x": -0.9572014808654785,
                "z": -0.2894223928451538
            },
            "sitOnChair": true,
            "hairColor": {
                "r": 0.3960784375667572,
                "g": 0.27843138575553894,
                "b": 0.1882352977991104,
                "a": 1.0
            },
            "bodyColors": [
                {
                    "r": 1.0,
                    "g": 0.9137254953384399,
                    "b": 0.8627451062202454,
                    "a": 1.0
                },
                {
                    "r": 0.9450980424880981,
                    "g": 0.9333333373069763,
                    "b": 0.9372549057006836,
                    "a": 1.0
                },
                {
                    "r": 0.8117647171020508,
                    "g": 0.7176470756530762,
                    "b": 0.5568627715110779,
                    "a": 1.0
                },
                {
                    "r": 0.42352941632270813,
                    "g": 0.2666666805744171,
                    "b": 0.21960784494876862,
                    "a": 1.0
                }
            ],
            "instanceId": 10008
        },
        {
            "crowdTypeID": 334,
            "animConfigID": 1,
            "spawnPosition": {
                "x": 3685.56591796875,
                "y": 506.6258850097656,
                "z": 4713.462890625
            },
            "spawnFaceFwd": {
                "x": -0.061337657272815704,
                "z": -0.998117208480835
            },
            "hairColor": {
                "r": 0.3960784375667572,
                "g": 0.27843138575553894,
                "b": 0.1882352977991104,
                "a": 1.0
            },
            "bodyColors": [
                {
                    "r": 1.0,
                    "g": 0.9137254953384399,
                    "b": 0.8627451062202454,
                    "a": 1.0
                },
                {
                    "r": 0.8980392217636108,
                    "g": 0.8980392217636108,
                    "b": 0.8313725590705872,
                    "a": 1.0
                },
                {
                    "r": 0.6352941393852234,
                    "g": 0.6039215922355652,
                    "b": 0.4901960790157318,
                    "a": 1.0
                },
                {
                    "r": 0.11764705926179886,
                    "g": 0.29019609093666077,
                    "b": 0.2823529541492462,
                    "a": 1.0
                }
            ],
            "instanceId": 10009
        },
        {
            "crowdTypeID": 326,
            "animConfigID": 1,
            "spawnPosition": {
                "x": 3685.529052734375,
                "y": 506.6258850097656,
                "z": 4712.40283203125
            },
            "spawnFaceFwd": {
                "x": -0.018578240647912025,
                "z": 0.9998273849487305
            },
            "hairColor": {
                "r": 0.3960784375667572,
                "g": 0.27843138575553894,
                "b": 0.1882352977991104,
                "a": 1.0
            },
            "bodyColors": [
                {
                    "r": 1.0,
                    "g": 0.9137254953384399,
                    "b": 0.8627451062202454,
                    "a": 1.0
                },
                {
                    "r": 0.11764705926179886,
                    "g": 0.29019609093666077,
                    "b": 0.2823529541492462,
                    "a": 1.0
                },
                {
                    "r": 0.8980392217636108,
                    "g": 0.8980392217636108,
                    "b": 0.8313725590705872,
                    "a": 1.0
                },
                {
                    "r": 0.6352941393852234,
                    "g": 0.6039215922355652,
                    "b": 0.4901960790157318,
                    "a": 1.0
                }
            ],
            "instanceId": 10010
        },
        {
            "crowdTypeID": 334,
            "animConfigID": 4,
            "spawnPosition": {
                "x": 3605.904052734375,
                "y": 506.535400390625,
                "z": 4599.46923828125
            },
            "spawnFaceFwd": {
                "x": 0.9675259590148926,
                "z": -0.2527719736099243
            },
            "hairColor": {
                "r": 0.5215686559677124,
                "g": 0.40392157435417175,
                "b": 0.2549019753932953,
                "a": 1.0
            },
            "bodyColors": [
                {
                    "r": 1.0,
                    "g": 0.9137254953384399,
                    "b": 0.8627451062202454,
                    "a": 1.0
                },
                {
                    "r": 0.8549019694328308,
                    "g": 0.800000011920929,
                    "b": 0.7686274647712708,
                    "a": 1.0
                },
                {
                    "r": 0.6000000238418579,
                    "g": 0.5686274766921997,
                    "b": 0.658823549747467,
                    "a": 1.0
                },
                {
                    "r": 0.3176470696926117,
                    "g": 0.23529411852359772,
                    "b": 0.3176470696926117,
                    "a": 1.0
                }
            ],
            "instanceId": 10011
        },
        {
            "crowdTypeID": 340,
            "animConfigID": 4,
            "spawnPosition": {
                "x": 3607.3330078125,
                "y": 506.535400390625,
                "z": 4599.19677734375
            },
            "spawnFaceFwd": {
                "x": -0.8716598749160767,
                "z": 0.4901113510131836
            },
            "hairColor": {
                "r": 0.3960784375667572,
                "g": 0.27843138575553894,
                "b": 0.1882352977991104,
                "a": 1.0
            },
            "bodyColors": [
                {
                    "r": 0.9843137264251709,
                    "g": 0.8941176533699036,
                    "b": 0.8549019694328308,
                    "a": 1.0
                },
                {
                    "r": 0.11764705926179886,
                    "g": 0.29019609093666077,
                    "b": 0.2823529541492462,
                    "a": 1.0
                },
                {
                    "r": 0.6352941393852234,
                    "g": 0.6039215922355652,
                    "b": 0.4901960790157318,
                    "a": 1.0
                },
                {
                    "r": 0.8980392217636108,
                    "g": 0.8980392217636108,
                    "b": 0.8313725590705872,
                    "a": 1.0
                }
            ],
            "instanceId": 10012
        },
        {
            "crowdTypeID": 364,
            "spawnPosition": {
                "x": 3708.819091796875,
                "y": 506.6260070800781,
                "z": 4691.09423828125
            },
            "spawnFaceFwd": {
                "x": -0.8664212226867676,
                "z": -0.49931395053863525
            },
            "hairColor": {
                "r": 0.5215686559677124,
                "g": 0.40392157435417175,
                "b": 0.2549019753932953,
                "a": 1.0
            },
            "bodyColors": [
                {
                    "r": 1.0,
                    "g": 1.0,
                    "b": 1.0,
                    "a": 1.0
                },
                {
                    "r": 1.0,
                    "g": 1.0,
                    "b": 1.0,
                    "a": 1.0
                },
                {
                    "r": 1.0,
                    "g": 1.0,
                    "b": 1.0,
                    "a": 1.0
                },
                {
                    "r": 1.0,
                    "g": 1.0,
                    "b": 1.0,
                    "a": 1.0
                }
            ],
            "instanceId": 10015
        },
        {
            "crowdTypeID": 354,
            "animConfigID": 1,
            "spawnPosition": {
                "x": 3707.81005859375,
                "y": 506.6260070800781,
                "z": 4690.60791015625
            },
            "spawnFaceFwd": {
                "x": 0.8992211222648621,
                "z": 0.43749451637268066
            },
            "hairColor": {
                "r": 0.4274509847164154,
                "g": 0.37254902720451355,
                "b": 0.3019607961177826,
                "a": 1.0
            },
            "bodyColors": [
                {
                    "r": 1.0,
                    "g": 1.0,
                    "b": 1.0,
                    "a": 1.0
                },
                {
                    "r": 1.0,
                    "g": 1.0,
                    "b": 1.0,
                    "a": 1.0
                },
                {
                    "r": 1.0,
                    "g": 1.0,
                    "b": 1.0,
                    "a": 1.0
                },
                {
                    "r": 1.0,
                    "g": 1.0,
                    "b": 1.0,
                    "a": 1.0
                }
            ],
            "instanceId": 10016
        },
        {
            "crowdTypeID": 341,
            "animConfigID": 2,
            "spawnPosition": {
                "x": 3708.785888671875,
                "y": 506.6260070800781,
                "z": 4708.68017578125
            },
            "spawnFaceFwd": {
                "x": 0.8738307952880859,
                "z": 0.4862300753593445
            },
            "hairColor": {
                "r": 0.5215686559677124,
                "g": 0.40392157435417175,
                "b": 0.2549019753932953,
                "a": 1.0
            },
            "bodyColors": [
                {
                    "r": 0.9843137264251709,
                    "g": 0.8941176533699036,
                    "b": 0.8549019694328308,
                    "a": 1.0
                },
                {
                    "r": 0.3137255012989044,
                    "g": 0.42352941632270813,
                    "b": 0.4627451002597809,
                    "a": 1.0
                },
                {
                    "r": 0.7647058963775635,
                    "g": 0.7568627595901489,
                    "b": 0.6784313917160034,
                    "a": 1.0
                },
                {
                    "r": 0.20392157137393951,
                    "g": 0.16470588743686676,
                    "b": 0.27450981736183167,
                    "a": 1.0
                }
            ],
            "instanceId": 10017
        },
        {
            "crowdTypeID": 349,
            "animConfigID": 4,
            "spawnPosition": {
                "x": 3709.48095703125,
                "y": 506.6260070800781,
                "z": 4707.7890625
            },
            "spawnFaceFwd": {
                "x": 0.5595375299453735,
                "z": 0.8288050293922424
            },
            "hairColor": {
                "r": 0.4274509847164154,
                "g": 0.37254902720451355,
                "b": 0.3019607961177826,
                "a": 1.0
            },
            "bodyColors": [
                {
                    "r": 1.0,
                    "g": 0.9137254953384399,
                    "b": 0.8627451062202454,
                    "a": 1.0
                },
                {
                    "r": 0.9450980424880981,
                    "g": 0.9333333373069763,
                    "b": 0.9372549057006836,
                    "a": 1.0
                },
                {
                    "r": 0.42352941632270813,
                    "g": 0.2666666805744171,
                    "b": 0.21960784494876862,
                    "a": 1.0
                },
                {
                    "r": 0.8117647171020508,
                    "g": 0.7176470756530762,
                    "b": 0.5568627715110779,
                    "a": 1.0
                }
            ],
            "instanceId": 10018
        },
        {
            "crowdTypeID": 342,
            "animConfigID": 2,
            "spawnPosition": {
                "x": 3598.47705078125,
                "y": 506.535400390625,
                "z": 4617.26904296875
            },
            "spawnFaceFwd": {
                "x": 0.9941734075546265,
                "z": 0.10779297351837158
            },
            "hairColor": {
                "r": 0.4274509847164154,
                "g": 0.37254902720451355,
                "b": 0.3019607961177826,
                "a": 1.0
            },
            "bodyColors": [
                {
                    "r": 0.9843137264251709,
                    "g": 0.8941176533699036,
                    "b": 0.8549019694328308,
                    "a": 1.0
                },
                {
                    "r": 0.20392157137393951,
                    "g": 0.16470588743686676,
                    "b": 0.27450981736183167,
                    "a": 1.0
                },
                {
                    "r": 0.3137255012989044,
                    "g": 0.42352941632270813,
                    "b": 0.4627451002597809,
                    "a": 1.0
                },
                {
                    "r": 0.7647058963775635,
                    "g": 0.7568627595901489,
                    "b": 0.6784313917160034,
                    "a": 1.0
                }
            ],
            "instanceId": 10019
        },
        {
            "crowdTypeID": 351,
            "animConfigID": 3,
            "spawnPosition": {
                "x": 3599.73095703125,
                "y": 506.535400390625,
                "z": 4617.451171875
            },
            "spawnFaceFwd": {
                "x": -0.9999922513961792,
                "z": 0.003930151462554932
            },
            "hairColor": {
                "r": 0.4274509847164154,
                "g": 0.37254902720451355,
                "b": 0.3019607961177826,
                "a": 1.0
            },
            "bodyColors": [
                {
                    "r": 1.0,
                    "g": 0.9137254953384399,
                    "b": 0.8627451062202454,
                    "a": 1.0
                },
                {
                    "r": 0.8549019694328308,
                    "g": 0.800000011920929,
                    "b": 0.7686274647712708,
                    "a": 1.0
                },
                {
                    "r": 0.6000000238418579,
                    "g": 0.5686274766921997,
                    "b": 0.658823549747467,
                    "a": 1.0
                },
                {
                    "r": 0.3176470696926117,
                    "g": 0.23529411852359772,
                    "b": 0.3176470696926117,
                    "a": 1.0
                }
            ],
            "instanceId": 10020
        },
        {
            "crowdTypeID": 345,
            "animConfigID": 2,
            "spawnPosition": {
                "x": 3570.8720703125,
                "y": 506.5329895019531,
                "z": 4577.59814453125
            },
            "spawnFaceFwd": {
                "x": 0.7032966613769531,
                "z": -0.7108964920043945
            },
            "hairColor": {
                "r": 0.3960784375667572,
                "g": 0.27843138575553894,
                "b": 0.1882352977991104,
                "a": 1.0
            },
            "bodyColors": [
                {
                    "r": 0.9843137264251709,
                    "g": 0.8941176533699036,
                    "b": 0.8549019694328308,
                    "a": 1.0
                },
                {
                    "r": 0.5568627715110779,
                    "g": 0.6352941393852234,
                    "b": 0.6745098233222961,
                    "a": 1.0
                },
                {
                    "r": 0.30588236451148987,
                    "g": 0.1568627506494522,
                    "b": 0.22745098173618317,
                    "a": 1.0
                },
                {
                    "r": 0.8666666746139526,
                    "g": 0.8627451062202454,
                    "b": 0.8588235378265381,
                    "a": 1.0
                }
            ],
            "instanceId": 10021
        },
        {
            "crowdTypeID": 332,
            "animConfigID": 3,
            "spawnPosition": {
                "x": 3570.330078125,
                "y": 506.5329895019531,
                "z": 4576.93896484375
            },
            "spawnFaceFwd": {
                "x": 0.765163004398346,
                "z": -0.6438367366790771
            },
            "hairColor": {
                "r": 0.4274509847164154,
                "g": 0.37254902720451355,
                "b": 0.3019607961177826,
                "a": 1.0
            },
            "bodyColors": [
                {
                    "r": 1.0,
                    "g": 0.9137254953384399,
                    "b": 0.8627451062202454,
                    "a": 1.0
                },
                {
                    "r": 0.9450980424880981,
                    "g": 0.9333333373069763,
                    "b": 0.9372549057006836,
                    "a": 1.0
                },
                {
                    "r": 0.42352941632270813,
                    "g": 0.2666666805744171,
                    "b": 0.21960784494876862,
                    "a": 1.0
                },
                {
                    "r": 0.8117647171020508,
                    "g": 0.7176470756530762,
                    "b": 0.5568627715110779,
                    "a": 1.0
                }
            ],
            "instanceId": 10022
        },
        {
            "crowdTypeID": 367,
            "animConfigID": 1,
            "spawnPosition": {
                "x": 3718.909912109375,
                "y": 506.6258850097656,
                "z": 4650.2978515625
            },
            "spawnFaceFwd": {
                "x": 0.9534133076667786,
                "z": 0.30166733264923096
            },
            "hairColor": {
                "r": 0.5215686559677124,
                "g": 0.40392157435417175,
                "b": 0.2549019753932953,
                "a": 1.0
            },
            "bodyColors": [
                {
                    "r": 1.0,
                    "g": 0.9137254953384399,
                    "b": 0.8627451062202454,
                    "a": 1.0
                },
                {
                    "r": 0.34117648005485535,
                    "g": 0.4431372582912445,
                    "b": 0.5686274766921997,
                    "a": 1.0
                },
                {
                    "r": 0.9019607901573181,
                    "g": 0.8549019694328308,
                    "b": 0.8274509906768799,
                    "a": 1.0
                },
                {
                    "r": 0.4901960790157318,
                    "g": 0.6000000238418579,
                    "b": 0.6000000238418579,
                    "a": 1.0
                }
            ],
            "instanceId": 10023
        },
        {
            "crowdTypeID": 342,
            "animConfigID": 2,
            "spawnPosition": {
                "x": 3718.64208984375,
                "y": 506.6258850097656,
                "z": 4649.41796875
            },
            "spawnFaceFwd": {
                "x": 0.4271180033683777,
                "z": 0.9041959047317505
            },
            "hairColor": {
                "r": 0.3960784375667572,
                "g": 0.27843138575553894,
                "b": 0.1882352977991104,
                "a": 1.0
            },
            "bodyColors": [
                {
                    "r": 0.9843137264251709,
                    "g": 0.8941176533699036,
                    "b": 0.8549019694328308,
                    "a": 1.0
                },
                {
                    "r": 0.4901960790157318,
                    "g": 0.6000000238418579,
                    "b": 0.6000000238418579,
                    "a": 1.0
                },
                {
                    "r": 0.9019607901573181,
                    "g": 0.8549019694328308,
                    "b": 0.8274509906768799,
                    "a": 1.0
                },
                {
                    "r": 0.34117648005485535,
                    "g": 0.4431372582912445,
                    "b": 0.5686274766921997,
                    "a": 1.0
                }
            ],
            "instanceId": 10024
        },
        {
            "crowdTypeID": 344,
            "animConfigID": 2,
            "spawnPosition": {
                "x": 3606.64697265625,
                "y": 506.535400390625,
                "z": 4600.296875
            },
            "spawnFaceFwd": {
                "x": 0.4923642873764038,
                "z": -0.8703892230987549
            },
            "hairColor": {
                "r": 0.3960784375667572,
                "g": 0.27843138575553894,
                "b": 0.1882352977991104,
                "a": 1.0
            },
            "bodyColors": [
                {
                    "r": 0.9843137264251709,
                    "g": 0.8941176533699036,
                    "b": 0.8549019694328308,
                    "a": 1.0
                },
                {
                    "r": 0.3137255012989044,
                    "g": 0.42352941632270813,
                    "b": 0.4627451002597809,
                    "a": 1.0
                },
                {
                    "r": 0.20392157137393951,
                    "g": 0.16470588743686676,
                    "b": 0.27450981736183167,
                    "a": 1.0
                },
                {
                    "r": 0.7647058963775635,
                    "g": 0.7568627595901489,
                    "b": 0.6784313917160034,
                    "a": 1.0
                }
            ],
            "instanceId": 10025
        },
        {
            "crowdTypeID": 328,
            "spawnPosition": {
                "x": 3580.450927734375,
                "y": 506.5329895019531,
                "z": 4586.93212890625
            },
            "spawnFaceFwd": {
                "x": 0.8571087121963501,
                "z": 0.515135645866394
            },
            "hairColor": {
                "r": 0.8392156958580017,
                "g": 0.8392156958580017,
                "b": 0.8392156958580017,
                "a": 1.0
            },
            "bodyColors": [
                {
                    "r": 0.9843137264251709,
                    "g": 0.8941176533699036,
                    "b": 0.8549019694328308,
                    "a": 1.0
                },
                {
                    "r": 0.6000000238418579,
                    "g": 0.5686274766921997,
                    "b": 0.658823549747467,
                    "a": 1.0
                },
                {
                    "r": 0.3176470696926117,
                    "g": 0.23529411852359772,
                    "b": 0.3176470696926117,
                    "a": 1.0
                },
                {
                    "r": 0.8549019694328308,
                    "g": 0.800000011920929,
                    "b": 0.7686274647712708,
                    "a": 1.0
                }
            ],
            "instanceId": 10026
        },
        {
            "crowdTypeID": 343,
            "animConfigID": 2,
            "spawnPosition": {
                "x": 3581.7880859375,
                "y": 506.5329895019531,
                "z": 4587.63916015625
            },
            "spawnFaceFwd": {
                "x": -0.9991906881332397,
                "z": 0.04022282361984253
            },
            "hairColor": {
                "r": 0.4274509847164154,
                "g": 0.37254902720451355,
                "b": 0.3019607961177826,
                "a": 1.0
            },
            "bodyColors": [
                {
                    "r": 0.9843137264251709,
                    "g": 0.8941176533699036,
                    "b": 0.8549019694328308,
                    "a": 1.0
                },
                {
                    "r": 0.34117648005485535,
                    "g": 0.4431372582912445,
                    "b": 0.5686274766921997,
                    "a": 1.0
                },
                {
                    "r": 0.9019607901573181,
                    "g": 0.8549019694328308,
                    "b": 0.8274509906768799,
                    "a": 1.0
                },
                {
                    "r": 0.4901960790157318,
                    "g": 0.6000000238418579,
                    "b": 0.6000000238418579,
                    "a": 1.0
                }
            ],
            "instanceId": 10027
        },
        {
            "crowdTypeID": 350,
            "animConfigID": 4,
            "spawnPosition": {
                "x": 3580.4189453125,
                "y": 506.5329895019531,
                "z": 4587.97509765625
            },
            "spawnFaceFwd": {
                "x": 0.968532383441925,
                "z": -0.24888765811920166
            },
            "hairColor": {
                "r": 0.5215686559677124,
                "g": 0.40392157435417175,
                "b": 0.2549019753932953,
                "a": 1.0
            },
            "bodyColors": [
                {
                    "r": 1.0,
                    "g": 0.9137254953384399,
                    "b": 0.8627451062202454,
                    "a": 1.0
                },
                {
                    "r": 0.11764705926179886,
                    "g": 0.29019609093666077,
                    "b": 0.2823529541492462,
                    "a": 1.0
                },
                {
                    "r": 0.6352941393852234,
                    "g": 0.6039215922355652,
                    "b": 0.4901960790157318,
                    "a": 1.0
                },
                {
                    "r": 0.8980392217636108,
                    "g": 0.8980392217636108,
                    "b": 0.8313725590705872,
                    "a": 1.0
                }
            ],
            "instanceId": 10028
        },
        {
            "crowdTypeID": 366,
            "spawnPosition": {
                "x": 3580.674072265625,
                "y": 506.5329895019531,
                "z": 4588.63818359375
            },
            "spawnFaceFwd": {
                "x": 0.7201080918312073,
                "z": -0.6938618421554565
            },
            "hairColor": {
                "r": 0.5215686559677124,
                "g": 0.40392157435417175,
                "b": 0.2549019753932953,
                "a": 1.0
            },
            "bodyColors": [
                {
                    "r": 1.0,
                    "g": 0.9137254953384399,
                    "b": 0.8627451062202454,
                    "a": 1.0
                },
                {
                    "r": 0.8980392217636108,
                    "g": 0.8980392217636108,
                    "b": 0.8313725590705872,
                    "a": 1.0
                },
                {
                    "r": 0.6352941393852234,
                    "g": 0.6039215922355652,
                    "b": 0.4901960790157318,
                    "a": 1.0
                },
                {
                    "r": 0.11764705926179886,
                    "g": 0.29019609093666077,
                    "b": 0.2823529541492462,
                    "a": 1.0
                }
            ],
            "instanceId": 10029
        },
        {
            "crowdTypeID": 367,
            "animConfigID": 2,
            "spawnPosition": {
                "x": 3606.1630859375,
                "y": 506.535400390625,
                "z": 4609.076171875
            },
            "spawnFaceFwd": {
                "x": 0.22563207149505615,
                "z": 0.9742125868797302
            },
            "hairColor": {
                "r": 0.4274509847164154,
                "g": 0.37254902720451355,
                "b": 0.3019607961177826,
                "a": 1.0
            },
            "bodyColors": [
                {
                    "r": 1.0,
                    "g": 0.9137254953384399,
                    "b": 0.8627451062202454,
                    "a": 1.0
                },
                {
                    "r": 0.42352941632270813,
                    "g": 0.2666666805744171,
                    "b": 0.21960784494876862,
                    "a": 1.0
                },
                {
                    "r": 0.9450980424880981,
                    "g": 0.9333333373069763,
                    "b": 0.9372549057006836,
                    "a": 1.0
                },
                {
                    "r": 0.8117647171020508,
                    "g": 0.7176470756530762,
                    "b": 0.5568627715110779,
                    "a": 1.0
                }
            ],
            "instanceId": 10030
        },
        {
            "crowdTypeID": 345,
            "spawnPosition": {
                "x": 3606.40087890625,
                "y": 506.535400390625,
                "z": 4610.35205078125
            },
            "spawnFaceFwd": {
                "x": -0.24016879498958588,
                "z": -0.9707311391830444
            },
            "hairColor": {
                "r": 0.4274509847164154,
                "g": 0.37254902720451355,
                "b": 0.3019607961177826,
                "a": 1.0
            },
            "bodyColors": [
                {
                    "r": 0.9843137264251709,
                    "g": 0.8941176533699036,
                    "b": 0.8549019694328308,
                    "a": 1.0
                },
                {
                    "r": 0.8117647171020508,
                    "g": 0.7176470756530762,
                    "b": 0.5568627715110779,
                    "a": 1.0
                },
                {
                    "r": 0.9450980424880981,
                    "g": 0.9333333373069763,
                    "b": 0.9372549057006836,
                    "a": 1.0
                },
                {
                    "r": 0.42352941632270813,
                    "g": 0.2666666805744171,
                    "b": 0.21960784494876862,
                    "a": 1.0
                }
            ],
            "instanceId": 10031
        },
        {
            "crowdTypeID": 356,
            "spawnPosition": {
                "x": 3622.056884765625,
                "y": 510.1830139160156,
                "z": 4687.23583984375
            },
            "spawnFaceFwd": {
                "x": -0.430355042219162,
                "z": -0.9026597738265991
            },
            "hairColor": {
                "r": 0.5215686559677124,
                "g": 0.40392157435417175,
                "b": 0.2549019753932953,
                "a": 1.0
            },
            "bodyColors": [
                {
                    "r": 1.0,
                    "g": 1.0,
                    "b": 1.0,
                    "a": 1.0
                },
                {
                    "r": 1.0,
                    "g": 1.0,
                    "b": 1.0,
                    "a": 1.0
                },
                {
                    "r": 1.0,
                    "g": 1.0,
                    "b": 1.0,
                    "a": 1.0
                },
                {
                    "r": 1.0,
                    "g": 1.0,
                    "b": 1.0,
                    "a": 1.0
                }
            ],
            "instanceId": 10032
        },
        {
            "crowdTypeID": 360,
            "spawnPosition": {
                "x": 3678.5029296875,
                "y": 510.1830139160156,
                "z": 4623.77197265625
            },
            "spawnFaceFwd": {
                "x": -0.9997451901435852,
                "z": -0.022575855255126953
            },
            "hairColor": {
                "r": 0.32156863808631897,
