{
  "crowdSpawnInfos": [
    {
      "crowdTypeID": 100,
      "animConfigID": 10,
      "spawnPosition": {
        "x": 2291.552001953125,
        "y": 214.09120178222656,
        "z": -902.0045776367188
      },
      "spawnFaceFwd": {
        "x": -0.9712942838668823,
        "z": -0.23788118362426758
      },
      "sitOnChair": true,
      "hairColor": {
        "r": 0.5215686559677124,
        "g": 0.40392157435417175,
        "b": 0.2549019753932953,
        "a": 1.0
      },
      "bodyColors": [
        {
          "r": 0.9333333373069763,
          "g": 0.8666666746139526,
          "b": 0.843137264251709,
          "a": 1.0
        },
        {
          "r": 0.572549045085907,
          "g": 0.48235294222831726,
          "b": 0.4000000059604645,
          "a": 1.0
        },
        {
          "r": 0.7215686440467834,
          "g": 0.7215686440467834,
          "b": 0.7215686440467834,
          "a": 1.0
        },
        {
          "r": 0.2862745225429535,
          "g": 0.24313725531101227,
          "b": 0.24313725531101227,
          "a": 1.0
        }
      ],
      "instanceId": 30001
    },
    {
      "crowdTypeID": 348,
      "animConfigID": 1,
      "spawnPosition": {
        "x": 2306.343994140625,
        "y": 214.091796875,
        "z": -935.1768798828125
      },
      "spawnFaceFwd": {
        "x": 0.9998906850814819,
        "z": 0.014785706996917725
      },
      "hairColor": {
        "r": 0.5215686559677124,
        "g": 0.40392157435417175,
        "b": 0.2549019753932953,
        "a": 1.0
      },
      "bodyColors": [
        {
          "r": 0.9333333373069763,
          "g": 0.8666666746139526,
          "b": 0.843137264251709,
          "a": 1.0
        },
        {
          "r": 0.20392157137393951,
          "g": 0.16470588743686676,
          "b": 0.27450981736183167,
          "a": 1.0
        },
        {
          "r": 0.3137255012989044,
          "g": 0.42352941632270813,
          "b": 0.4627451002597809,
          "a": 1.0
        },
        {
          "r": 0.7647058963775635,
          "g": 0.7568627595901489,
          "b": 0.6784313917160034,
          "a": 1.0
        }
      ],
      "instanceId": 30003
    },
    {
      "crowdTypeID": 338,
      "animConfigID": 4,
      "spawnPosition": {
        "x": 2307.47607421875,
        "y": 214.09170532226562,
        "z": -934.9404296875
      },
      "spawnFaceFwd": {
        "x": -0.9419011473655701,
        "z": -0.3358902931213379
      },
      "hairColor": {
        "r": 0.4274509847164154,
        "g": 0.37254902720451355,
        "b": 0.3019607961177826,
        "a": 1.0
      },
      "bodyColors": [
        {
          "r": 0.9843137264251709,
          "g": 0.8941176533699036,
          "b": 0.8549019694328308,
          "a": 1.0
        },
        {
          "r": 0.30588236451148987,
          "g": 0.1568627506494522,
          "b": 0.22745098173618317,
          "a": 1.0
        },
        {
          "r": 0.8666666746139526,
          "g": 0.8627451062202454,
          "b": 0.8588235378265381,
          "a": 1.0
        },
        {
          "r": 0.5568627715110779,
          "g": 0.6352941393852234,
          "b": 0.6745098233222961,
          "a": 1.0
        }
      ],
      "instanceId": 30004
    },
    {
      "crowdTypeID": 109,
      "animConfigID": 3,
      "spawnPosition": {
        "x": 2284.4580078125,
        "y": 213.99220275878906,
        "z": -906.7473754882812
      },
      "spawnFaceFwd": {
        "x": 0.9924178123474121,
        "z": -0.12291061878204346
      },
      "hairColor": {
        "r": 0.5215686559677124,
        "g": 0.40392157435417175,
        "b": 0.2549019753932953,
        "a": 1.0
      },
      "bodyColors": [
        {
          "r": 0.9333333373069763,
          "g": 0.8666666746139526,
          "b": 0.843137264251709,
          "a": 1.0
        },
        {
          "r": 0.3333333432674408,
          "g": 0.364705890417099,
          "b": 0.43529412150382996,
          "a": 1.0
        },
        {
          "r": 0.6352941393852234,
          "g": 0.6196078658103943,
          "b": 0.6549019813537598,
          "a": 1.0
        },
        {
          "r": 0.22745098173618317,
          "g": 0.2549019753932953,
          "b": 0.33725491166114807,
          "a": 1.0
        }
      ],
      "instanceId": 30006
    },
    {
      "crowdTypeID": 111,
      "animConfigID": 3,
      "spawnPosition": {
        "x": 2288.81494140625,
        "y": 213.99000549316406,
        "z": -906.0723266601562
      },
      "spawnFaceFwd": {
        "x": -0.6432726979255676,
        "z": 0.7656371593475342
      },
      "hairColor": {
        "r": 0.32156863808631897,
        "g": 0.21568627655506134,
        "b": 0.18039216101169586,
        "a": 1.0
      },
      "bodyColors": [
        {
          "r": 0.9333333373069763,
          "g": 0.8666666746139526,
          "b": 0.843137264251709,
          "a": 1.0
        },
        {
          "r": 0.572549045085907,
          "g": 0.48235294222831726,
          "b": 0.4000000059604645,
          "a": 1.0
        },
        {
          "r": 0.2862745225429535,
          "g": 0.24313725531101227,
          "b": 0.24313725531101227,
          "a": 1.0
        },
        {
          "r": 0.7215686440467834,
          "g": 0.7215686440467834,
          "b": 0.7215686440467834,
          "a": 1.0
        }
      ],
      "instanceId": 30007
    }
  ]
}