{
  "crowdSpawnInfos": [
    {
      "crowdTypeID": 469,
      "spawnPosition": {
        "x": -1875.449951171875,
        "y": 67.7630615234375,
        "z": 9053.8642578125
      },
      "spawnFaceFwd": {
        "z": 1.0
      },
      "hairColor": {
        "r": 0.5215686559677124,
        "g": 0.40392157435417175,
        "b": 0.2549019753932953,
        "a": 1.0
      },
      "bodyColors": [
        {
          "r": 1.0,
          "g": 1.0,
          "b": 1.0,
          "a": 1.0
        },
        {
          "r": 1.0,
          "g": 1.0,
          "b": 1.0,
          "a": 1.0
        },
        {
          "r": 1.0,
          "g": 1.0,
          "b": 1.0,
          "a": 1.0
        },
        {
          "r": 1.0,
          "g": 1.0,
          "b": 1.0,
          "a": 1.0
        }
      ],
      "instanceId": 30001
    },
    {
      "crowdTypeID": 470,
      "spawnPosition": {
        "x": -1916.06494140625,
        "y": 65.00617980957031,
        "z": 9038.451171875
      },
      "spawnFaceFwd": {
        "z": 1.0
      },
      "hairColor": {
        "r": 0.32156863808631897,
        "g": 0.21568627655506134,
        "b": 0.18039216101169586,
        "a": 1.0
      },
      "bodyColors": [
        {
          "r": 0.9058823585510254,
          "g": 0.7882353067398071,
          "b": 0.7333333492279053,
          "a": 1.0
        },
        {
          "r": 0.8352941274642944,
          "g": 0.8705882430076599,
          "b": 0.8901960849761963,
          "a": 1.0
        },
        {
          "r": 0.37254902720451355,
          "g": 0.5843137502670288,
          "b": 0.6196078658103943,
          "a": 1.0
        },
        {
          "r": 0.1568627506494522,
          "g": 0.23137255012989044,
          "b": 0.2705882489681244,
          "a": 1.0
        }
      ],
      "instanceId": 30002,
      "spawnGrade": "Middle"
    },
    {
      "crowdTypeID": 472,
      "spawnPosition": {
        "x": -1914.3590087890625,
        "y": 63.1821403503418,
        "z": 9040.4638671875
      },
      "spawnFaceFwd": {
        "z": 1.0
      },
      "hairColor": {
        "r": 0.4274509847164154,
        "g": 0.37254902720451355,
        "b": 0.3019607961177826,
        "a": 1.0
      },
      "bodyColors": [
        {
          "r": 1.0,
          "g": 1.0,
          "b": 1.0,
          "a": 1.0
        },
        {
          "r": 0.8352941274642944,
          "g": 0.8705882430076599,
          "b": 0.8901960849761963,
          "a": 1.0
        },
        {
          "r": 0.37254902720451355,
          "g": 0.5843137502670288,
          "b": 0.6196078658103943,
          "a": 1.0
        },
        {
          "r": 0.1568627506494522,
          "g": 0.23137255012989044,
          "b": 0.2705882489681244,
          "a": 1.0
        }
      ],
      "instanceId": 30003,
      "spawnGrade": "High"
    },
    {
      "crowdTypeID": 471,
      "spawnPosition": {
        "x": -1876.9859619140625,
        "y": 65.00617980957031,
        "z": 9072.7216796875
      },
      "spawnFaceFwd": {
        "z": 1.0
      },
      "hairColor": {
        "r": 0.25882354378700256,
        "g": 0.25882354378700256,
        "b": 0.25882354378700256,
        "a": 1.0
      },
      "bodyColors": [
        {
          "r": 1.0,
          "g": 1.0,
          "b": 1.0,
          "a": 1.0
        },
        {
          "r": 0.6901960968971252,
          "g": 0.7098039388656616,
          "b": 0.686274528503418,
          "a": 1.0
        },
        {
          "r": 0.47058823704719543,
          "g": 0.5960784554481506,
          "b": 0.40392157435417175,
          "a": 1.0
        },
        {
          "r": 0.2705882489681244,
          "g": 0.32549020648002625,
          "b": 0.33725491166114807,
          "a": 1.0
        }
      ],
      "instanceId": 30004
    },
    {
      "crowdTypeID": 472,
      "spawnPosition": {
        "x": -1920.68896484375,
        "y": 67.76287078857422,
        "z": 9035.9580078125
      },
      "spawnFaceFwd": {
        "z": 1.0
      },
      "hairColor": {
        "r": 0.3960784375667572,
        "g": 0.27843138575553894,
        "b": 0.1882352977991104,
        "a": 1.0
      },
      "bodyColors": [
        {
          "r": 1.0,
          "g": 1.0,
          "b": 1.0,
          "a": 1.0
        },
        {
          "r": 0.772549033164978,
          "g": 0.8235294222831726,
          "b": 0.8823529481887817,
          "a": 1.0
        },
        {
          "r": 0.4117647111415863,
          "g": 0.5490196347236633,
          "b": 0.6823529601097107,
          "a": 1.0
        },
        {
          "r": 0.2705882489681244,
          "g": 0.27843138575553894,
          "b": 0.364705890417099,
          "a": 1.0
        }
      ],
      "instanceId": 30005,
      "spawnGrade": "High"
    },
    {
      "crowdTypeID": 417,
      "spawnPosition": {
        "x": -1877.3489990234375,
        "y": 65.00617980957031,
        "z": 9057.953125
      },
      "spawnFaceFwd": {
        "z": 1.0
      },
      "hairColor": {
        "r": 0.5215686559677124,
        "g": 0.40392157435417175,
        "b": 0.2549019753932953,
        "a": 1.0
      },
      "bodyColors": [
        {
          "r": 0.9058823585510254,
          "g": 0.7882353067398071,
          "b": 0.7333333492279053,
          "a": 1.0
        },
        {
          "r": 0.8627451062202454,
          "g": 0.8509804010391235,
          "b": 0.8156862854957581,
          "a": 1.0
        },
        {
          "r": 0.7764706015586853,
          "g": 0.6274510025978088,
          "b": 0.4313725531101227,
          "a": 1.0
        },
        {
          "r": 0.4901960790157318,
          "g": 0.3607843220233917,
          "b": 0.27450981736183167,
          "a": 1.0
        }
      ],
      "instanceId": 30006,
      "spawnGrade": "High"
    },
    {
      "crowdTypeID": 445,
      "spawnPosition": {
        "x": -1878.862060546875,
        "y": 63.1821403503418,
        "z": 9068.8173828125
      },
      "spawnFaceFwd": {
        "z": 1.0
      },
      "hairColor": {
        "r": 0.4274509847164154,
        "g": 0.37254902720451355,
        "b": 0.3019607961177826,
        "a": 1.0
      },
      "bodyColors": [
        {
          "r": 1.0,
          "g": 1.0,
          "b": 1.0,
          "a": 1.0
        },
        {
          "r": 0.8196078538894653,
          "g": 0.7882353067398071,
          "b": 0.7450980544090271,
          "a": 1.0
        },
        {
          "r": 0.47843137383461,
          "g": 0.5490196347236633,
          "b": 0.3294117748737335,
          "a": 1.0
        },
        {
          "r": 0.3294117748737335,
          "g": 0.3294117748737335,
          "b": 0.20392157137393951,
          "a": 1.0
        }
      ],
      "instanceId": 30007
    },
    {
      "crowdTypeID": 408,
      "spawnPosition": {
        "x": -1873.4520263671875,
        "y": 67.76329803466797,
        "z": 9070.0263671875
      },
      "spawnFaceFwd": {
        "z": 1.0
      },
      "hairColor": {
        "r": 0.3960784375667572,
        "g": 0.27843138575553894,
        "b": 0.1882352977991104,
        "a": 1.0
      },
      "bodyColors": [
        {
          "r": 1.0,
          "g": 1.0,
          "b": 1.0,
          "a": 1.0
        },
        {
          "r": 0.8196078538894653,
          "g": 0.7882353067398071,
          "b": 0.7450980544090271,
          "a": 1.0
        },
        {
          "r": 0.47843137383461,
          "g": 0.5490196347236633,
          "b": 0.3294117748737335,
          "a": 1.0
        },
        {
          "r": 0.3294117748737335,
          "g": 0.3294117748737335,
          "b": 0.20392157137393951,
          "a": 1.0
        }
      ],
      "instanceId": 30008,
      "spawnGrade": "High"
    },
    {
      "crowdTypeID": 412,
      "spawnPosition": {
        "x": -1876.0860595703125,
        "y": 65.00617980957031,
        "z": 9069.041015625
      },
      "spawnFaceFwd": {
        "z": 1.0
      },
      "hairColor": {
        "r": 0.5215686559677124,
        "g": 0.40392157435417175,
        "b": 0.2549019753932953,
        "a": 1.0
      },
      "bodyColors": [
        {
          "r": 1.0,
          "g": 1.0,
          "b": 1.0,
          "a": 1.0
        },
        {
          "r": 0.6901960968971252,
          "g": 0.7098039388656616,
          "b": 0.686274528503418,
          "a": 1.0
        },
        {
          "r": 0.47058823704719543,
          "g": 0.5960784554481506,
          "b": 0.40392157435417175,
          "a": 1.0
        },
        {
          "r": 0.2705882489681244,
          "g": 0.32549020648002625,
          "b": 0.33725491166114807,
          "a": 1.0
        }
      ],
      "instanceId": 30009
    },
    {
      "crowdTypeID": 462,
      "spawnPosition": {
        "x": -1879.363037109375,
        "y": 63.1821403503418,
        "z": 9072.193359375
      },
      "spawnFaceFwd": {
        "z": 1.0
      },
      "hairColor": {
        "r": 0.3960784375667572,
        "g": 0.27843138575553894,
        "b": 0.1882352977991104,
        "a": 1.0
      },
      "bodyColors": [
        {
          "r": 1.0,
          "g": 1.0,
          "b": 1.0,
          "a": 1.0
        },
        {
          "r": 0.6901960968971252,
          "g": 0.7098039388656616,
          "b": 0.686274528503418,
          "a": 1.0
        },
        {
          "r": 0.2705882489681244,
          "g": 0.32549020648002625,
          "b": 0.33725491166114807,
          "a": 1.0
        },
        {
          "r": 0.47058823704719543,
          "g": 0.5960784554481506,
          "b": 0.40392157435417175,
          "a": 1.0
        }
      ],
      "instanceId": 30010,
      "spawnGrade": "High"
    },
    {
      "crowdTypeID": 489,
      "spawnPosition": {
        "x": -1917.6309814453125,
        "y": 63.1821403503418,
        "z": 9041.9599609375
      },
      "spawnFaceFwd": {
        "z": 1.0
      },
      "hairColor": {
        "r": 0.25882354378700256,
        "g": 0.25882354378700256,
        "b": 0.25882354378700256,
        "a": 1.0
      },
      "bodyColors": [
        {
          "r": 1.0,
          "g": 1.0,
          "b": 1.0,
          "a": 1.0
        },
        {
          "r": 1.0,
          "g": 1.0,
          "b": 1.0,
          "a": 1.0
        },
        {
          "r": 1.0,
          "g": 1.0,
          "b": 1.0,
          "a": 1.0
        },
        {
          "r": 1.0,
          "g": 1.0,
          "b": 1.0,
          "a": 1.0
        }
      ],
      "instanceId": 30011,
      "spawnGrade": "Middle"
    },
    {
      "crowdTypeID": 426,
      "spawnPosition": {
        "x": -1917.2449951171875,
        "y": 65.00617980957031,
        "z": 9039.0498046875
      },
      "spawnFaceFwd": {
        "z": 1.0
      },
      "hairColor": {
        "r": 0.4274509847164154,
        "g": 0.37254902720451355,
        "b": 0.3019607961177826,
        "a": 1.0
      },
      "bodyColors": [
        {
          "r": 1.0,
          "g": 1.0,
          "b": 1.0,
          "a": 1.0
        },
        {
          "r": 1.0,
          "g": 1.0,
          "b": 1.0,
          "a": 1.0
        },
        {
          "r": 1.0,
          "g": 1.0,
          "b": 1.0,
          "a": 1.0
        },
        {
          "r": 1.0,
          "g": 1.0,
          "b": 1.0,
          "a": 1.0
        }
      ],
      "instanceId": 30012,
      "spawnGrade": "High"
    },
    {
      "crowdTypeID": 415,
      "spawnPosition": {
        "x": -1877.698974609375,
        "y": 65.00617980957031,
        "z": 9056.685546875
      },
      "spawnFaceFwd": {
        "z": 1.0
      },
      "hairColor": {
        "r": 0.3960784375667572,
        "g": 0.27843138575553894,
        "b": 0.1882352977991104,
        "a": 1.0
      },
      "bodyColors": [
        {
          "r": 1.0,
          "g": 1.0,
          "b": 1.0,
          "a": 1.0
        },
        {
          "r": 1.0,
          "g": 1.0,
          "b": 1.0,
          "a": 1.0
        },
        {
          "r": 1.0,
          "g": 1.0,
          "b": 1.0,
          "a": 1.0
        },
        {
          "r": 1.0,
          "g": 1.0,
          "b": 1.0,
          "a": 1.0
        }
      ],
      "instanceId": 30013,
      "spawnGrade": "High"
    },
    {
      "crowdTypeID": 416,
      "spawnPosition": {
        "x": -1876.0789794921875,
        "y": 65.00617980957031,
        "z": 9064.060546875
      },
      "spawnFaceFwd": {
        "z": 1.0
      },
      "hairColor": {
        "r": 0.5215686559677124,
        "g": 0.40392157435417175,
        "b": 0.2549019753932953,
        "a": 1.0
      },
      "bodyColors": [
        {
          "r": 1.0,
          "g": 1.0,
          "b": 1.0,
          "a": 1.0
        },
        {
          "r": 0.8117647171020508,
          "g": 0.8666666746139526,
          "b": 0.8901960849761963,
          "a": 1.0
        },
        {
          "r": 0.5568627715110779,
          "g": 0.6196078658103943,
          "b": 0.7843137383460999,
          "a": 1.0
        },
        {
          "r": 0.2823529541492462,
          "g": 0.3529411852359772,
          "b": 0.4901960790157318,
          "a": 1.0
        }
      ],
      "instanceId": 30014
    },
    {
      "crowdTypeID": 452,
      "spawnPosition": {
        "x": -1918.487060546875,
        "y": 65.00617980957031,
        "z": 9039.017578125
      },
      "spawnFaceFwd": {
        "z": 1.0
      },
      "hairColor": {
        "r": 0.5215686559677124,
        "g": 0.40392157435417175,
        "b": 0.2549019753932953,
        "a": 1.0
      },
      "bodyColors": [
        {
          "r": 1.0,
          "g": 1.0,
          "b": 1.0,
          "a": 1.0
        },
        {
          "r": 1.0,
          "g": 1.0,
          "b": 1.0,
          "a": 1.0
        },
        {
          "r": 1.0,
          "g": 1.0,
          "b": 1.0,
          "a": 1.0
        },
        {
          "r": 1.0,
          "g": 1.0,
          "b": 1.0,
          "a": 1.0
        }
      ],
      "instanceId": 30015,
      "spawnGrade": "High"
    },
    {
      "crowdTypeID": 404,
      "animConfigID": 2,
      "spawnPosition": {
        "x": -1875.008056640625,
        "y": 67.76323699951172,
        "z": 9055.978515625
      },
      "spawnFaceFwd": {
        "z": 1.0
      },
      "hairColor": {
        "r": 0.32156863808631897,
        "g": 0.21568627655506134,
        "b": 0.18039216101169586,
        "a": 1.0
      },
      "bodyColors": [
        {
          "r": 1.0,
          "g": 1.0,
          "b": 1.0,
          "a": 1.0
        },
        {
          "r": 1.0,
          "g": 1.0,
          "b": 1.0,
          "a": 1.0
        },
        {
          "r": 1.0,
          "g": 1.0,
          "b": 1.0,
          "a": 1.0
        },
        {
          "r": 1.0,
          "g": 1.0,
          "b": 1.0,
          "a": 1.0
        }
      ],
      "instanceId": 30016,
      "spawnGrade": "High"
    },
    {
      "crowdTypeID": 416,
      "spawnPosition": {
        "x": -1933.1309814453125,
        "y": 67.76210021972656,
        "z": 9053.3564453125
      },
      "spawnFaceFwd": {
        "z": 1.0
      },
      "hairColor": {
        "r": 0.5215686559677124,
        "g": 0.40392157435417175,
        "b": 0.2549019753932953,
        "a": 1.0
      },
      "bodyColors": [
        {
          "r": 1.0,
          "g": 1.0,
          "b": 1.0,
          "a": 1.0
        },
        {
          "r": 0.47058823704719543,
          "g": 0.33725491166114807,
          "b": 0.3176470696926117,
          "a": 1.0
        },
        {
          "r": 0.6509804129600525,
          "g": 0.364705890417099,
          "b": 0.3450980484485626,
          "a": 1.0
        },
        {
          "r": 0.8196078538894653,
          "g": 0.7568627595901489,
          "b": 0.729411780834198,
          "a": 1.0
        }
      ],
      "instanceId": 30017,
      "spawnGrade": "High"
    },
    {
      "crowdTypeID": 420,
      "spawnPosition": {
        "x": -1875.9229736328125,
        "y": 65.00617980957031,
        "z": 9062.490234375
      },
      "spawnFaceFwd": {
        "z": 1.0
      },
      "hairColor": {
        "r": 0.8392156958580017,
        "g": 0.8392156958580017,
        "b": 0.8392156958580017,
        "a": 1.0
      },
      "bodyColors": [
        {
          "r": 1.0,
          "g": 1.0,
          "b": 1.0,
          "a": 1.0
        },
        {
          "r": 0.2705882489681244,
          "g": 0.27843138575553894,
          "b": 0.364705890417099,
          "a": 1.0
        },
        {
          "r": 0.4117647111415863,
          "g": 0.5490196347236633,
          "b": 0.6823529601097107,
          "a": 1.0
        },
        {
          "r": 0.772549033164978,
          "g": 0.8235294222831726,
          "b": 0.8823529481887817,
          "a": 1.0
        }
      ],
      "instanceId": 30018,
      "spawnGrade": "Middle"
    },
    {
      "crowdTypeID": 418,
      "animConfigID": 2,
      "spawnPosition": {
        "x": -1875.302978515625,
        "y": 65.00617980957031,
        "z": 9065.69140625
      },
      "spawnFaceFwd": {
        "z": 1.0
      },
      "hairColor": {
        "r": 0.32156863808631897,
        "g": 0.21568627655506134,
        "b": 0.18039216101169586,
        "a": 1.0
      },
      "bodyColors": [
        {
          "r": 1.0,
          "g": 1.0,
          "b": 1.0,
          "a": 1.0
        },
        {
          "r": 0.772549033164978,
          "g": 0.8235294222831726,
          "b": 0.8823529481887817,
          "a": 1.0
        },
        {
          "r": 0.4117647111415863,
          "g": 0.5490196347236633,
          "b": 0.6823529601097107,
          "a": 1.0
        },
        {
          "r": 0.2705882489681244,
          "g": 0.27843138575553894,
          "b": 0.364705890417099,
          "a": 1.0
        }
      ],
      "instanceId": 30019
    },
    {
      "crowdTypeID": 398,
      "spawnPosition": {
        "x": -1877.800048828125,
        "y": 65.00617980957031,
        "z": 9055.43359375
      },
      "spawnFaceFwd": {
        "z": 1.0
      },
      "hairColor": {
        "r": 0.4274509847164154,
        "g": 0.37254902720451355,
        "b": 0.3019607961177826,
        "a": 1.0
      },
      "bodyColors": [
        {
          "r": 1.0,
          "g": 1.0,
          "b": 1.0,
          "a": 1.0
        },
        {
          "r": 1.0,
          "g": 1.0,
          "b": 1.0,
          "a": 1.0
        },
        {
          "r": 1.0,
          "g": 1.0,
          "b": 1.0,
          "a": 1.0
        },
        {
          "r": 1.0,
          "g": 1.0,
          "b": 1.0,
          "a": 1.0
        }
      ],
      "instanceId": 30020,
      "spawnGrade": "High"
    },
    {
      "crowdTypeID": 401,
      "spawnPosition": {
        "x": -1874.9439697265625,
        "y": 67.76348114013672,
        "z": 9057.4345703125
      },
      "spawnFaceFwd": {
        "z": 1.0
      },
      "hairColor": {
        "r": 0.3960784375667572,
        "g": 0.27843138575553894,
        "b": 0.1882352977991104,
        "a": 1.0
      },
      "bodyColors": [
        {
          "r": 1.0,
          "g": 1.0,
          "b": 1.0,
          "a": 1.0
        },
        {
          "r": 1.0,
          "g": 1.0,
          "b": 1.0,
          "a": 1.0
        },
        {
          "r": 1.0,
          "g": 1.0,
          "b": 1.0,
          "a": 1.0
        },
        {
          "r": 1.0,
          "g": 1.0,
          "b": 1.0,
          "a": 1.0
        }
      ],
      "instanceId": 30021,
      "spawnGrade": "High"
    },
    {
      "crowdTypeID": 398,
      "spawnPosition": {
        "x": -1881.14599609375,
        "y": 63.1821403503418,
        "z": 9055.7158203125
      },
      "spawnFaceFwd": {
        "z": 1.0
      },
      "hairColor": {
        "r": 0.32156863808631897,
        "g": 0.21568627655506134,
        "b": 0.18039216101169586,
        "a": 1.0
      },
      "bodyColors": [
        {
          "r": 1.0,
          "g": 1.0,
          "b": 1.0,
          "a": 1.0
        },
        {
          "r": 1.0,
          "g": 1.0,
          "b": 1.0,
          "a": 1.0
        },
        {
          "r": 1.0,
          "g": 1.0,
          "b": 1.0,
          "a": 1.0
        },
        {
          "r": 1.0,
          "g": 1.0,
          "b": 1.0,
          "a": 1.0
        }
      ],
      "instanceId": 30022,
      "spawnGrade": "High"
    },
    {
      "crowdTypeID": 400,
      "spawnPosition": {
        "x": -1879.8270263671875,
        "y": 63.1821403503418,
        "z": 9059.3974609375
      },
      "spawnFaceFwd": {
        "z": 1.0
      },
      "hairColor": {
        "r": 0.4274509847164154,
        "g": 0.37254902720451355,
        "b": 0.3019607961177826,
        "a": 1.0
      },
      "bodyColors": [
        {
          "r": 1.0,
          "g": 1.0,
          "b": 1.0,
          "a": 1.0
        },
        {
          "r": 1.0,
          "g": 1.0,
          "b": 1.0,
          "a": 1.0
        },
        {
          "r": 1.0,
          "g": 1.0,
          "b": 1.0,
          "a": 1.0
        },
        {
          "r": 1.0,
          "g": 1.0,
          "b": 1.0,
          "a": 1.0
        }
      ],
      "instanceId": 30023,
      "spawnGrade": "High"
    },
    {
      "crowdTypeID": 404,
      "animConfigID": 2,
      "spawnPosition": {
        "x": -1874.530029296875,
        "y": 67.76341247558594,
        "z": 9058.615234375
      },
      "spawnFaceFwd": {
        "z": 1.0
      },
      "hairColor": {
        "r": 0.5215686559677124,
        "g": 0.40392157435417175,
        "b": 0.2549019753932953,
        "a": 1.0
      },
      "bodyColors": [
        {
          "r": 1.0,
          "g": 1.0,
          "b": 1.0,
          "a": 1.0
        },
        {
          "r": 1.0,
          "g": 1.0,
          "b": 1.0,
          "a": 1.0
        },
        {
          "r": 1.0,
          "g": 1.0,
          "b": 1.0,
          "a": 1.0
        },
        {
          "r": 1.0,
          "g": 1.0,
          "b": 1.0,
          "a": 1.0
        }
      ],
      "instanceId": 30024,
      "spawnGrade": "High"
    },
    {
      "crowdTypeID": 419,
      "spawnPosition": {
        "x": -1933.740966796875,
        "y": 67.7612533569336,
        "z": 9055.1728515625
      },
      "spawnFaceFwd": {
        "z": 1.0
      },
      "hairColor": {
        "r": 0.4274509847164154,
        "g": 0.37254902720451355,
        "b": 0.3019607961177826,
        "a": 1.0
      },
      "bodyColors": [
        {
          "r": 1.0,
          "g": 1.0,
          "b": 1.0,
          "a": 1.0
        },
        {
          "r": 1.0,
          "g": 1.0,
          "b": 1.0,
          "a": 1.0
        },
        {
          "r": 1.0,
          "g": 1.0,
          "b": 1.0,
          "a": 1.0
        },
        {
          "r": 1.0,
          "g": 1.0,
          "b": 1.0,
          "a": 1.0
        }
      ],
      "instanceId": 30025,
      "spawnGrade": "High"
    },
    {
      "crowdTypeID": 398,
      "spawnPosition": {
        "x": -1876.366943359375,
        "y": 65.00617980957031,
        "z": 9071.21484375
      },
      "spawnFaceFwd": {
        "z": 1.0
      },
      "hairColor": {
        "r": 0.5215686559677124,
        "g": 0.40392157435417175,
        "b": 0.2549019753932953,
        "a": 1.0
      },
      "bodyColors": [
        {
          "r": 1.0,
          "g": 1.0,
          "b": 1.0,
          "a": 1.0
        },
        {
          "r": 0.8196078538894653,
          "g": 0.7882353067398071,
          "b": 0.7450980544090271,
          "a": 1.0
        },
        {
          "r": 0.47843137383461,
          "g": 0.5490196347236633,
          "b": 0.3294117748737335,
          "a": 1.0
        },
        {
          "r": 0.3294117748737335,
          "g": 0.3294117748737335,
          "b": 0.20392157137393951,
          "a": 1.0
        }
      ],
      "instanceId": 30026,
      "spawnGrade": "High"
    },
    {
      "crowdTypeID": 400,
      "spawnPosition": {
        "x": -1879.3170166015625,
        "y": 63.18212890625,
        "z": 9066.146484375
      },
      "spawnFaceFwd": {
        "z": 1.0
      },
      "hairColor": {
        "r": 0.5215686559677124,
        "g": 0.40392157435417175,
        "b": 0.2549019753932953,
        "a": 1.0
      },
      "bodyColors": [
        {
          "r": 1.0,
          "g": 1.0,
          "b": 1.0,
          "a": 1.0
        },
        {
          "r": 0.772549033164978,
          "g": 0.8235294222831726,
          "b": 0.8823529481887817,
          "a": 1.0
        },
        {
          "r": 0.4117647111415863,
          "g": 0.5490196347236633,
          "b": 0.6823529601097107,
          "a": 1.0
        },
        {
          "r": 0.2705882489681244,
          "g": 0.27843138575553894,
          "b": 0.364705890417099,
          "a": 1.0
        }
      ],
      "instanceId": 30027,
      "spawnGrade": "High"
    },
    {
      "crowdTypeID": 401,
      "spawnPosition": {
        "x": -1879.3260498046875,
        "y": 63.18212890625,
        "z": 9062.2998046875
      },
      "spawnFaceFwd": {
        "z": 1.0
      },
      "hairColor": {
        "r": 0.3960784375667572,
        "g": 0.27843138575553894,
        "b": 0.1882352977991104,
        "a": 1.0
      },
      "bodyColors": [
        {
          "r": 1.0,
          "g": 1.0,
          "b": 1.0,
          "a": 1.0
        },
        {
          "r": 0.8117647171020508,
          "g": 0.8666666746139526,
          "b": 0.8901960849761963,
          "a": 1.0
        },
        {
          "r": 0.5568627715110779,
          "g": 0.6196078658103943,
          "b": 0.7843137383460999,
          "a": 1.0
        },
        {
          "r": 0.2823529541492462,
          "g": 0.3529411852359772,
          "b": 0.4901960790157318,
          "a": 1.0
        }
      ],
      "instanceId": 30028,
      "spawnGrade": "High"
    },
    {
      "crowdTypeID": 418,
      "spawnPosition": {
        "x": -1922.89794921875,
        "y": 64.89544677734375,
        "z": 9041.78125
      },
      "spawnFaceFwd": {
        "z": 1.0
      },
      "hairColor": {
        "r": 0.25882354378700256,
        "g": 0.25882354378700256,
        "b": 0.25882354378700256,
        "a": 1.0
      },
      "bodyColors": [
        {
          "r": 0.9058823585510254,
          "g": 0.7882353067398071,
          "b": 0.7333333492279053,
          "a": 1.0
        },
        {
          "r": 0.8196078538894653,
          "g": 0.6392157077789307,
          "b": 0.7411764860153198,
          "a": 1.0
        },
        {
          "r": 0.5176470875740051,
          "g": 0.4000000059604645,
          "b": 0.5960784554481506,
          "a": 1.0
        },
        {
          "r": 0.2862745225429535,
          "g": 0.19607843458652496,
          "b": 0.30980393290519714,
          "a": 1.0
        }
      ],
      "instanceId": 30029,
      "spawnGrade": "High"
    },
    {
      "crowdTypeID": 401,
      "spawnPosition": {
        "x": -1923.876953125,
        "y": 64.8453369140625,
        "z": 9042.4580078125
      },
      "spawnFaceFwd": {
        "z": 1.0
      },
      "hairColor": {
        "r": 0.25882354378700256,
        "g": 0.25882354378700256,
        "b": 0.25882354378700256,
        "a": 1.0
      },
      "bodyColors": [
        {
          "r": 1.0,
          "g": 1.0,
          "b": 1.0,
          "a": 1.0
        },
        {
          "r": 0.2862745225429535,
          "g": 0.19607843458652496,
          "b": 0.30980393290519714,
          "a": 1.0
        },
        {
          "r": 0.5176470875740051,
          "g": 0.4000000059604645,
          "b": 0.5960784554481506,
          "a": 1.0
        },
        {
          "r": 0.8196078538894653,
          "g": 0.6392157077789307,
          "b": 0.7411764860153198,
          "a": 1.0
        }
      ],
      "instanceId": 30030,
      "spawnGrade": "High"
    },
    {
      "crowdTypeID": 404,
      "spawnPosition": {
        "x": -1924.133056640625,
        "y": 67.76306915283203,
        "z": 9038.2421875
      },
      "spawnFaceFwd": {
        "z": 1.0
      },
      "hairColor": {
        "r": 0.25882354378700256,
        "g": 0.25882354378700256,
        "b": 0.25882354378700256,
        "a": 1.0
      },
      "bodyColors": [
        {
          "r": 1.0,
          "g": 1.0,
          "b": 1.0,
          "a": 1.0
        },
        {
          "r": 0.2862745225429535,
          "g": 0.19607843458652496,
          "b": 0.30980393290519714,
          "a": 1.0
        },
        {
          "r": 0.8196078538894653,
          "g": 0.6392157077789307,
          "b": 0.7411764860153198,
          "a": 1.0
        },
        {
          "r": 0.5176470875740051,
          "g": 0.4000000059604645,
          "b": 0.5960784554481506,
          "a": 1.0
        }
      ],
      "instanceId": 30031,
      "spawnGrade": "High"
    },
    {
      "crowdTypeID": 419,
      "spawnPosition": {
        "x": -1925.0460205078125,
        "y": 65.0559310913086,
        "z": 9042.908203125
      },
      "spawnFaceFwd": {
        "z": 1.0
      },
      "hairColor": {
        "r": 0.8392156958580017,
        "g": 0.8392156958580017,
        "b": 0.8392156958580017,
        "a": 1.0
      },
      "bodyColors": [
        {
          "r": 1.0,
          "g": 1.0,
          "b": 1.0,
          "a": 1.0
        },
        {
          "r": 0.8196078538894653,
          "g": 0.6392157077789307,
          "b": 0.7411764860153198,
          "a": 1.0
        },
        {
          "r": 0.5176470875740051,
          "g": 0.4000000059604645,
          "b": 0.5960784554481506,
          "a": 1.0
        },
        {
          "r": 0.2862745225429535,
          "g": 0.19607843458652496,
          "b": 0.30980393290519714,
          "a": 1.0
        }
      ],
      "instanceId": 30032,
      "spawnGrade": "High"
    },
    {
      "crowdTypeID": 398,
      "spawnPosition": {
        "x": -1924.0589599609375,
        "y": 63.18212890625,
        "z": 9046.0166015625
      },
      "spawnFaceFwd": {
        "z": 1.0
      },
      "hairColor": {
        "r": 0.5215686559677124,
        "g": 0.40392157435417175,
        "b": 0.2549019753932953,
        "a": 1.0
      },
      "bodyColors": [
        {
          "r": 1.0,
          "g": 1.0,
          "b": 1.0,
          "a": 1.0
        },
        {
          "r": 0.2862745225429535,
          "g": 0.19607843458652496,
          "b": 0.30980393290519714,
          "a": 1.0
        },
        {
          "r": 0.5176470875740051,
          "g": 0.4000000059604645,
          "b": 0.5960784554481506,
          "a": 1.0
        },
        {
          "r": 0.8196078538894653,
          "g": 0.6392157077789307,
          "b": 0.7411764860153198,
          "a": 1.0
        }
      ],
      "instanceId": 30033,
      "spawnGrade": "High"
    },
    {
      "crowdTypeID": 399,
      "spawnPosition": {
        "x": -1924.8819580078125,
        "y": 67.76341247558594,
        "z": 9039.458984375
      },
      "spawnFaceFwd": {
        "z": 1.0
      },
      "hairColor": {
        "r": 0.5215686559677124,
        "g": 0.40392157435417175,
        "b": 0.2549019753932953,
        "a": 1.0
      },
      "bodyColors": [
        {
          "r": 1.0,
          "g": 1.0,
          "b": 1.0,
          "a": 1.0
        },
        {
          "r": 0.2862745225429535,
          "g": 0.19607843458652496,
          "b": 0.30980393290519714,
          "a": 1.0
        },
        {
          "r": 0.5176470875740051,
          "g": 0.4000000059604645,
          "b": 0.5960784554481506,
          "a": 1.0
        },
        {
          "r": 0.8196078538894653,
          "g": 0.6392157077789307,
          "b": 0.7411764860153198,
          "a": 1.0
        }
      ],
      "instanceId": 30034
    },
    {
      "crowdTypeID": 400,
      "spawnPosition": {
        "x": -1926.238037109375,
        "y": 67.76345825195312,
        "z": 9040.5126953125
      },
      "spawnFaceFwd": {
        "z": 1.0
      },
      "hairColor": {
        "r": 0.25882354378700256,
        "g": 0.25882354378700256,
        "b": 0.25882354378700256,
        "a": 1.0
      },
      "bodyColors": [
        {
          "r": 1.0,
          "g": 1.0,
          "b": 1.0,
          "a": 1.0
        },
        {
          "r": 0.8196078538894653,
          "g": 0.6392157077789307,
          "b": 0.7411764860153198,
          "a": 1.0
        },
        {
          "r": 0.5176470875740051,
          "g": 0.4000000059604645,
          "b": 0.5960784554481506,
          "a": 1.0
        },
        {
          "r": 0.2862745225429535,
          "g": 0.19607843458652496,
          "b": 0.30980393290519714,
          "a": 1.0
        }
      ],
      "instanceId": 30035,
      "spawnGrade": "High"
    },
    {
      "crowdTypeID": 401,
      "spawnPosition": {
        "x": -1930.3819580078125,
        "y": 65.00617980957031,
        "z": 9048.109375
      },
      "spawnFaceFwd": {
        "z": 1.0
      },
      "hairColor": {
        "r": 0.25882354378700256,
        "g": 0.25882354378700256,
        "b": 0.25882354378700256,
        "a": 1.0
      },
      "bodyColors": [
        {
          "r": 1.0,
          "g": 1.0,
          "b": 1.0,
          "a": 1.0
        },
        {
          "r": 0.47058823704719543,
          "g": 0.33725491166114807,
          "b": 0.3176470696926117,
          "a": 1.0
        },
        {
          "r": 0.6509804129600525,
          "g": 0.364705890417099,
          "b": 0.3450980484485626,
          "a": 1.0
        },
        {
          "r": 0.8196078538894653,
          "g": 0.7568627595901489,
          "b": 0.729411780834198,
          "a": 1.0
        }
      ],
      "instanceId": 30036,
      "spawnGrade": "High"
    },
    {
      "crowdTypeID": 404,
      "animConfigID": 2,
      "spawnPosition": {
        "x": -1932.969970703125,
        "y": 67.76329040527344,
        "z": 9046.900390625
      },
      "spawnFaceFwd": {
        "z": 1.0
      },
      "hairColor": {
        "r": 0.5215686559677124,
        "g": 0.40392157435417175,
        "b": 0.2549019753932953,
        "a": 1.0
      },
      "bodyColors": [
        {
          "r": 1.0,
          "g": 1.0,
          "b": 1.0,
          "a": 1.0
        },
        {
          "r": 0.47058823704719543,
          "g": 0.33725491166114807,
          "b": 0.3176470696926117,
          "a": 1.0
        },
        {
          "r": 0.6509804129600525,
          "g": 0.364705890417099,
          "b": 0.3450980484485626,
          "a": 1.0
        },
        {
          "r": 0.8196078538894653,
          "g": 0.7568627595901489,
          "b": 0.729411780834198,
          "a": 1.0
        }
      ],
      "instanceId": 30037,
      "spawnGrade": "High"
    },
    {
      "crowdTypeID": 419,
      "spawnPosition": {
        "x": -1917.7960205078125,
        "y": 67.7628173828125,
        "z": 9034.705078125
      },
      "spawnFaceFwd": {
        "z": 1.0
      },
      "hairColor": {
        "r": 0.32156863808631897,
        "g": 0.21568627655506134,
        "b": 0.18039216101169586,
        "a": 1.0
      },
      "bodyColors": [
        {
          "r": 1.0,
          "g": 1.0,
          "b": 1.0,
          "a": 1.0
        },
        {
          "r": 1.0,
          "g": 1.0,
          "b": 1.0,
          "a": 1.0
        },
        {
          "r": 1.0,
          "g": 1.0,
          "b": 1.0,
          "a": 1.0
        },
        {
          "r": 1.0,
          "g": 1.0,
          "b": 1.0,
          "a": 1.0
        }
      ],
      "instanceId": 30038,
      "spawnGrade": "High"
    },
    {
      "crowdTypeID": 398,
      "animConfigID": 1,
      "spawnPosition": {
        "x": -1936.1419677734375,
        "y": 67.76287841796875,
        "z": 9050.87890625
      },
      "spawnFaceFwd": {
        "z": 1.0
      },
      "hairColor": {
        "r": 0.32156863808631897,
        "g": 0.21568627655506134,
        "b": 0.18039216101169586,
        "a": 1.0
      },
      "bodyColors": [
        {
          "r": 1.0,
          "g": 1.0,
          "b": 1.0,
          "a": 1.0
        },
        {
          "r": 0.47058823704719543,
          "g": 0.33725491166114807,
          "b": 0.3176470696926117,
          "a": 1.0
        },
        {
          "r": 0.6509804129600525,
          "g": 0.364705890417099,
          "b": 0.3450980484485626,
          "a": 1.0
        },
        {
          "r": 0.8196078538894653,
          "g": 0.7568627595901489,
          "b": 0.729411780834198,
          "a": 1.0
        }
      ],
      "instanceId": 30039,
      "spawnGrade": "High"
    },
    {
      "crowdTypeID": 399,
      "spawnPosition": {
        "x": -1873.8599853515625,
        "y": 67.7635269165039,
        "z": 9064.1015625
      },
      "spawnFaceFwd": {
        "z": 1.0
      },
      "hairColor": {
        "r": 0.5215686559677124,
        "g": 0.40392157435417175,
        "b": 0.2549019753932953,
        "a": 1.0
      },
      "bodyColors": [
        {
          "r": 1.0,
          "g": 1.0,
          "b": 1.0,
          "a": 1.0
        },
        {
          "r": 0.2705882489681244,
          "g": 0.27843138575553894,
          "b": 0.364705890417099,
          "a": 1.0
        },
        {
          "r": 0.4117647111415863,
          "g": 0.5490196347236633,
          "b": 0.6823529601097107,
          "a": 1.0
        },
        {
          "r": 0.772549033164978,
          "g": 0.8235294222831726,
          "b": 0.8823529481887817,
          "a": 1.0
        }
      ],
      "instanceId": 30040
    },
    {
      "crowdTypeID": 400,
      "spawnPosition": {
        "x": -1873.0419921875,
        "y": 67.76313781738281,
        "z": 9065.951171875
      },
      "spawnFaceFwd": {
        "z": 1.0
      },
      "hairColor": {
        "r": 0.32156863808631897,
        "g": 0.21568627655506134,
        "b": 0.18039216101169586,
        "a": 1.0
      },
      "bodyColors": [
        {
          "r": 1.0,
          "g": 1.0,
          "b": 1.0,
          "a": 1.0
        },
        {
          "r": 0.8117647171020508,
          "g": 0.8666666746139526,
          "b": 0.8901960849761963,
          "a": 1.0
        },
        {
          "r": 0.5568627715110779,
          "g": 0.6196078658103943,
          "b": 0.7843137383460999,
          "a": 1.0
        },
        {
          "r": 0.2823529541492462,
          "g": 0.3529411852359772,
          "b": 0.4901960790157318,
          "a": 1.0
        }
      ],
      "instanceId": 30041,
      "spawnGrade": "High"
    },
    {
      "crowdTypeID": 401,
      "animConfigID": 2,
      "spawnPosition": {
        "x": -1873.5849609375,
        "y": 67.76319122314453,
        "z": 9072.0009765625
      },
      "spawnFaceFwd": {
        "z": 1.0
      },
      "hairColor": {
        "r": 0.3960784375667572,
        "g": 0.27843138575553894,
        "b": 0.1882352977991104,
        "a": 1.0
      },
      "bodyColors": [
        {
          "r": 1.0,
          "g": 1.0,
          "b": 1.0,
          "a": 1.0
        },
        {
          "r": 0.2705882489681244,
          "g": 0.32549020648002625,
          "b": 0.33725491166114807,
          "a": 1.0
        },
        {
          "r": 0.47058823704719543,
          "g": 0.5960784554481506,
          "b": 0.40392157435417175,
          "a": 1.0
        },
        {
          "r": 0.6901960968971252,
          "g": 0.7098039388656616,
          "b": 0.686274528503418,
          "a": 1.0
        }
      ],
      "instanceId": 30042,
      "spawnGrade": "High"
    },
    {
      "crowdTypeID": 404,
      "spawnPosition": {
        "x": -1874.1180419921875,
        "y": 67.7632064819336,
        "z": 9074.568359375
      },
      "spawnFaceFwd": {
        "z": 1.0
      },
      "hairColor": {
        "r": 0.4274509847164154,
        "g": 0.37254902720451355,
        "b": 0.3019607961177826,
        "a": 1.0
      },
      "bodyColors": [
