{
    "crowdSpawnInfos": [
        {
            "crowdTypeID": 332,
            "animConfigID": 1,
            "spawnPosition": {
                "x": 3515.6689453125,
                "y": 426.61920166015625,
                "z": 4491.51904296875
            },
            "spawnFaceFwd": {
                "x": -0.9938809871673584,
                "z": -0.11045610904693604
            },
            "hairColor": {
                "r": 0.5215686559677124,
                "g": 0.40392157435417175,
                "b": 0.2549019753932953,
                "a": 1.0
            },
            "bodyColors": [
                {
                    "r": 1.0,
                    "g": 0.9137254953384399,
                    "b": 0.8627451062202454,
                    "a": 1.0
                },
                {
                    "r": 0.9450980424880981,
                    "g": 0.9333333373069763,
                    "b": 0.9372549057006836,
                    "a": 1.0
                },
                {
                    "r": 0.42352941632270813,
                    "g": 0.2666666805744171,
                    "b": 0.21960784494876862,
                    "a": 1.0
                },
                {
                    "r": 0.8117647171020508,
                    "g": 0.7176470756530762,
                    "b": 0.5568627715110779,
                    "a": 1.0
                }
            ],
            "instanceId": 30001
        },
        {
            "crowdTypeID": 328,
            "spawnPosition": {
                "x": 3515.501953125,
                "y": 426.61920166015625,
                "z": 4490.64013671875
            },
            "spawnFaceFwd": {
                "x": -0.9790834784507751,
                "z": 0.20345884561538696
            },
            "hairColor": {
                "r": 0.8392156958580017,
                "g": 0.8392156958580017,
                "b": 0.8392156958580017,
                "a": 1.0
            },
            "bodyColors": [
                {
                    "r": 0.9843137264251709,
                    "g": 0.8941176533699036,
                    "b": 0.8549019694328308,
                    "a": 1.0
                },
                {
                    "r": 0.9450980424880981,
                    "g": 0.9333333373069763,
                    "b": 0.9372549057006836,
                    "a": 1.0
                },
                {
                    "r": 0.8117647171020508,
                    "g": 0.7176470756530762,
                    "b": 0.5568627715110779,
                    "a": 1.0
                },
                {
                    "r": 0.42352941632270813,
                    "g": 0.2666666805744171,
                    "b": 0.21960784494876862,
                    "a": 1.0
                }
            ],
            "instanceId": 30002
        },
        {
            "crowdTypeID": 326,
            "animConfigID": 1,
            "spawnPosition": {
                "x": 3473.7880859375,
                "y": 426.62359619140625,
                "z": 4507.65283203125
            },
            "spawnFaceFwd": {
                "x": 0.581332266330719,
                "z": -0.8136663436889648
            },
            "hairColor": {
                "r": 0.5215686559677124,
                "g": 0.40392157435417175,
                "b": 0.2549019753932953,
                "a": 1.0
            },
            "bodyColors": [
                {
                    "r": 1.0,
                    "g": 0.9137254953384399,
                    "b": 0.8627451062202454,
                    "a": 1.0
                },
                {
                    "r": 0.42352941632270813,
                    "g": 0.2666666805744171,
                    "b": 0.21960784494876862,
                    "a": 1.0
                },
                {
                    "r": 0.9450980424880981,
                    "g": 0.9333333373069763,
                    "b": 0.9372549057006836,
                    "a": 1.0
                },
                {
                    "r": 0.8117647171020508,
                    "g": 0.7176470756530762,
                    "b": 0.5568627715110779,
                    "a": 1.0
                }
            ],
            "instanceId": 30003
        },
        {
            "crowdTypeID": 343,
            "spawnPosition": {
                "x": 3474.5791015625,
                "y": 426.62359619140625,
                "z": 4508.8427734375
            },
            "spawnFaceFwd": {
                "x": -0.5567595958709717,
                "z": -0.8306736946105957
            },
            "hairColor": {
                "r": 0.5215686559677124,
                "g": 0.40392157435417175,
                "b": 0.2549019753932953,
                "a": 1.0
            },
            "bodyColors": [
                {
                    "r": 0.9843137264251709,
                    "g": 0.8941176533699036,
                    "b": 0.8549019694328308,
                    "a": 1.0
                },
                {
                    "r": 0.8117647171020508,
                    "g": 0.7176470756530762,
                    "b": 0.5568627715110779,
                    "a": 1.0
                },
                {
                    "r": 0.42352941632270813,
                    "g": 0.2666666805744171,
                    "b": 0.21960784494876862,
                    "a": 1.0
                },
                {
                    "r": 0.9450980424880981,
                    "g": 0.9333333373069763,
                    "b": 0.9372549057006836,
                    "a": 1.0
                }
            ],
            "instanceId": 30004
        },
        {
            "crowdTypeID": 327,
            "animConfigID": 1,
            "spawnPosition": {
                "x": 3473.052001953125,
                "y": 426.62359619140625,
                "z": 4507.044921875
            },
            "spawnFaceFwd": {
                "x": 0.8070407509803772,
                "z": -0.5904958248138428
            },
            "hairColor": {
                "r": 0.5215686559677124,
                "g": 0.40392157435417175,
                "b": 0.2549019753932953,
                "a": 1.0
            },
            "bodyColors": [
                {
                    "r": 1.0,
                    "g": 0.9137254953384399,
                    "b": 0.8627451062202454,
                    "a": 1.0
                },
                {
                    "r": 0.42352941632270813,
                    "g": 0.2666666805744171,
                    "b": 0.21960784494876862,
                    "a": 1.0
                },
                {
                    "r": 0.9450980424880981,
                    "g": 0.9333333373069763,
                    "b": 0.9372549057006836,
                    "a": 1.0
                },
                {
                    "r": 0.8117647171020508,
                    "g": 0.7176470756530762,
                    "b": 0.5568627715110779,
                    "a": 1.0
                }
            ],
            "instanceId": 30005
        },
        {
            "crowdTypeID": 341,
            "spawnPosition": {
                "x": 3480.2880859375,
                "y": 426.62359619140625,
                "z": 4482.52587890625
            },
            "spawnFaceFwd": {
                "x": 0.3313184380531311,
                "z": 0.9435189962387085
            },
            "hairColor": {
                "r": 0.32156863808631897,
                "g": 0.21568627655506134,
                "b": 0.18039216101169586,
                "a": 1.0
            },
            "bodyColors": [
                {
                    "r": 0.9843137264251709,
                    "g": 0.8941176533699036,
                    "b": 0.8549019694328308,
                    "a": 1.0
                },
                {
                    "r": 0.3176470696926117,
                    "g": 0.23529411852359772,
                    "b": 0.3176470696926117,
                    "a": 1.0
                },
                {
                    "r": 0.6000000238418579,
                    "g": 0.5686274766921997,
                    "b": 0.658823549747467,
                    "a": 1.0
                },
                {
                    "r": 0.8549019694328308,
                    "g": 0.800000011920929,
                    "b": 0.7686274647712708,
                    "a": 1.0
                }
            ],
            "instanceId": 30006
        },
        {
            "crowdTypeID": 351,
            "animConfigID": 4,
            "spawnPosition": {
                "x": 3481.429931640625,
                "y": 426.62359619140625,
                "z": 4482.33984375
            },
            "spawnFaceFwd": {
                "x": 0.022375505417585373,
                "z": 0.9997496604919434
            },
            "hairColor": {
                "r": 0.5215686559677124,
                "g": 0.40392157435417175,
                "b": 0.2549019753932953,
                "a": 1.0
            },
            "bodyColors": [
                {
                    "r": 1.0,
                    "g": 0.9137254953384399,
                    "b": 0.8627451062202454,
                    "a": 1.0
                },
                {
                    "r": 0.8549019694328308,
                    "g": 0.800000011920929,
                    "b": 0.7686274647712708,
                    "a": 1.0
                },
                {
                    "r": 0.3176470696926117,
                    "g": 0.23529411852359772,
                    "b": 0.3176470696926117,
                    "a": 1.0
                },
                {
                    "r": 0.6000000238418579,
                    "g": 0.5686274766921997,
                    "b": 0.658823549747467,
                    "a": 1.0
                }
            ],
            "instanceId": 30007
        },
        {
            "crowdTypeID": 345,
            "animConfigID": 2,
            "spawnPosition": {
                "x": 3457.383056640625,
                "y": 426.62310791015625,
                "z": 4511.1708984375
            },
            "spawnFaceFwd": {
                "x": -0.1842619925737381,
                "z": -0.9828771352767944
            },
            "hairColor": {
                "r": 0.3960784375667572,
                "g": 0.27843138575553894,
                "b": 0.1882352977991104,
                "a": 1.0
            },
            "bodyColors": [
                {
                    "r": 0.9843137264251709,
                    "g": 0.8941176533699036,
                    "b": 0.8549019694328308,
                    "a": 1.0
                },
                {
                    "r": 0.4901960790157318,
                    "g": 0.6000000238418579,
                    "b": 0.6000000238418579,
                    "a": 1.0
                },
                {
                    "r": 0.34117648005485535,
                    "g": 0.4431372582912445,
                    "b": 0.5686274766921997,
                    "a": 1.0
                },
                {
                    "r": 0.9019607901573181,
                    "g": 0.8549019694328308,
                    "b": 0.8274509906768799,
                    "a": 1.0
                }
            ],
            "instanceId": 30008
        },
        {
            "crowdTypeID": 330,
            "spawnPosition": {
                "x": 3456.861083984375,
                "y": 426.62310791015625,
                "z": 4510.01416015625
            },
            "spawnFaceFwd": {
                "x": 0.9683718681335449,
                "z": -0.24951136112213135
            },
            "hairColor": {
                "r": 0.8392156958580017,
                "g": 0.8392156958580017,
                "b": 0.8392156958580017,
                "a": 1.0
            },
            "bodyColors": [
                {
                    "r": 0.9843137264251709,
                    "g": 0.8941176533699036,
                    "b": 0.8549019694328308,
                    "a": 1.0
                },
                {
                    "r": 0.34117648005485535,
                    "g": 0.4431372582912445,
                    "b": 0.5686274766921997,
                    "a": 1.0
                },
                {
                    "r": 0.4901960790157318,
                    "g": 0.6000000238418579,
                    "b": 0.6000000238418579,
                    "a": 1.0
                },
                {
                    "r": 0.9019607901573181,
                    "g": 0.8549019694328308,
                    "b": 0.8274509906768799,
                    "a": 1.0
                }
            ],
            "instanceId": 30009
        },
        {
            "crowdTypeID": 344,
            "animConfigID": 5,
            "spawnPosition": {
                "x": 3461.873046875,
                "y": 427.4049072265625,
                "z": 4535.5869140625
            },
            "spawnFaceFwd": {
                "x": 0.44769516587257385,
                "z": -0.89418625831604
            },
            "hairColor": {
                "r": 0.5215686559677124,
                "g": 0.40392157435417175,
                "b": 0.2549019753932953,
                "a": 1.0
            },
            "bodyColors": [
                {
                    "r": 0.9843137264251709,
                    "g": 0.8941176533699036,
                    "b": 0.8549019694328308,
                    "a": 1.0
                },
                {
                    "r": 0.11764705926179886,
                    "g": 0.29019609093666077,
                    "b": 0.2823529541492462,
                    "a": 1.0
                },
                {
                    "r": 0.8980392217636108,
                    "g": 0.8980392217636108,
                    "b": 0.8313725590705872,
                    "a": 1.0
                },
                {
                    "r": 0.6352941393852234,
                    "g": 0.6039215922355652,
                    "b": 0.4901960790157318,
                    "a": 1.0
                }
            ],
            "instanceId": 30010
        },
        {
            "crowdTypeID": 345,
            "animConfigID": 2,
            "spawnPosition": {
                "x": 3524.2490234375,
                "y": 427.4049072265625,
                "z": 4476.94189453125
            },
            "spawnFaceFwd": {
                "x": -0.9716988801956177,
                "z": -0.2362227439880371
            },
            "hairColor": {
                "r": 0.5215686559677124,
                "g": 0.40392157435417175,
                "b": 0.2549019753932953,
                "a": 1.0
            },
            "bodyColors": [
                {
                    "r": 0.9843137264251709,
                    "g": 0.8941176533699036,
                    "b": 0.8549019694328308,
                    "a": 1.0
                },
                {
                    "r": 0.6000000238418579,
                    "g": 0.5686274766921997,
                    "b": 0.658823549747467,
                    "a": 1.0
                },
                {
                    "r": 0.8549019694328308,
                    "g": 0.800000011920929,
                    "b": 0.7686274647712708,
                    "a": 1.0
                },
                {
                    "r": 0.3176470696926117,
                    "g": 0.23529411852359772,
                    "b": 0.3176470696926117,
                    "a": 1.0
                }
            ],
            "instanceId": 30011
        },
        {
            "crowdTypeID": 336,
            "animConfigID": 4,
            "spawnPosition": {
                "x": 3523.154052734375,
                "y": 427.4049072265625,
                "z": 4476.64794921875
            },
            "spawnFaceFwd": {
                "x": 0.9709833264350891,
                "z": 0.23914694786071777
            },
            "hairColor": {
                "r": 0.4274509847164154,
                "g": 0.37254902720451355,
                "b": 0.3019607961177826,
                "a": 1.0
            },
            "bodyColors": [
                {
                    "r": 1.0,
                    "g": 0.9137254953384399,
                    "b": 0.8627451062202454,
                    "a": 1.0
                },
                {
                    "r": 0.8666666746139526,
                    "g": 0.8627451062202454,
                    "b": 0.8588235378265381,
                    "a": 1.0
                },
                {
                    "r": 0.5568627715110779,
                    "g": 0.6352941393852234,
                    "b": 0.6745098233222961,
                    "a": 1.0
                },
                {
                    "r": 0.30588236451148987,
                    "g": 0.1568627506494522,
                    "b": 0.22745098173618317,
                    "a": 1.0
                }
            ],
            "instanceId": 30012
        },
        {
            "crowdTypeID": 334,
            "animConfigID": 1,
            "spawnPosition": {
                "x": 3461.073974609375,
                "y": 427.4049072265625,
                "z": 4535.005859375
            },
            "spawnFaceFwd": {
                "x": 0.9224214553833008,
                "z": -0.3861844539642334
            },
            "hairColor": {
                "r": 0.3960784375667572,
                "g": 0.27843138575553894,
                "b": 0.1882352977991104,
                "a": 1.0
            },
            "bodyColors": [
                {
                    "r": 1.0,
                    "g": 0.9137254953384399,
                    "b": 0.8627451062202454,
                    "a": 1.0
                },
                {
                    "r": 0.6352941393852234,
                    "g": 0.6039215922355652,
                    "b": 0.4901960790157318,
                    "a": 1.0
                },
                {
                    "r": 0.11764705926179886,
                    "g": 0.29019609093666077,
                    "b": 0.2823529541492462,
                    "a": 1.0
                },
                {
                    "r": 0.8980392217636108,
                    "g": 0.8980392217636108,
                    "b": 0.8313725590705872,
                    "a": 1.0
                }
            ],
            "instanceId": 30013
        },
        {
            "crowdTypeID": 344,
            "spawnPosition": {
                "x": 3509.091064453125,
                "y": 426.62310791015625,
                "z": 4510.166015625
            },
            "spawnFaceFwd": {
                "x": 0.8807469010353088,
                "z": -0.4735872745513916
            },
            "hairColor": {
                "r": 0.5215686559677124,
                "g": 0.40392157435417175,
                "b": 0.2549019753932953,
                "a": 1.0
            },
            "bodyColors": [
                {
                    "r": 0.9843137264251709,
                    "g": 0.8941176533699036,
                    "b": 0.8549019694328308,
                    "a": 1.0
                },
                {
                    "r": 0.3137255012989044,
                    "g": 0.42352941632270813,
                    "b": 0.4627451002597809,
                    "a": 1.0
                },
                {
                    "r": 0.20392157137393951,
                    "g": 0.16470588743686676,
                    "b": 0.27450981736183167,
                    "a": 1.0
                },
                {
                    "r": 0.7647058963775635,
                    "g": 0.7568627595901489,
                    "b": 0.6784313917160034,
                    "a": 1.0
                }
            ],
            "instanceId": 30014
        },
        {
            "crowdTypeID": 336,
            "animConfigID": 3,
            "spawnPosition": {
                "x": 3510.174072265625,
                "y": 426.62310791015625,
                "z": 4509.6982421875
            },
            "spawnFaceFwd": {
                "x": -0.6423381567001343,
                "z": -0.7664213180541992
            },
            "hairColor": {
                "r": 0.3960784375667572,
                "g": 0.27843138575553894,
                "b": 0.1882352977991104,
                "a": 1.0
            },
            "bodyColors": [
                {
                    "r": 1.0,
                    "g": 0.9137254953384399,
                    "b": 0.8627451062202454,
                    "a": 1.0
                },
                {
                    "r": 0.8980392217636108,
                    "g": 0.8980392217636108,
                    "b": 0.8313725590705872,
                    "a": 1.0
                },
                {
                    "r": 0.6352941393852234,
                    "g": 0.6039215922355652,
                    "b": 0.4901960790157318,
                    "a": 1.0
                },
                {
                    "r": 0.11764705926179886,
                    "g": 0.29019609093666077,
                    "b": 0.2823529541492462,
                    "a": 1.0
                }
            ],
            "instanceId": 30015
        },
        {
            "crowdTypeID": 357,
            "animConfigID": 4,
            "spawnPosition": {
                "x": 3489.426025390625,
                "y": 426.6231994628906,
                "z": 4474.94921875
            },
            "spawnFaceFwd": {
                "x": 0.5835782289505005,
                "z": -0.8120570182800293
            },
            "hairColor": {
                "r": 0.32156863808631897,
                "g": 0.21568627655506134,
                "b": 0.18039216101169586,
                "a": 1.0
            },
            "bodyColors": [
                {
                    "r": 1.0,
                    "g": 1.0,
                    "b": 1.0,
                    "a": 1.0
                },
                {
                    "r": 1.0,
                    "g": 1.0,
                    "b": 1.0,
                    "a": 1.0
                },
                {
                    "r": 1.0,
                    "g": 1.0,
                    "b": 1.0,
                    "a": 1.0
                },
                {
                    "r": 1.0,
                    "g": 1.0,
                    "b": 1.0,
                    "a": 1.0
                }
            ],
            "instanceId": 30018
        },
        {
            "crowdTypeID": 352,
            "animConfigID": 1,
            "spawnPosition": {
                "x": 3490.10400390625,
                "y": 426.6231994628906,
                "z": 4473.93115234375
            },
            "spawnFaceFwd": {
                "x": -0.514316976070404,
                "z": 0.8576001524925232
            },
            "hairColor": {
                "r": 0.5215686559677124,
                "g": 0.40392157435417175,
                "b": 0.2549019753932953,
                "a": 1.0
            },
            "bodyColors": [
                {
                    "r": 1.0,
                    "g": 1.0,
                    "b": 1.0,
                    "a": 1.0
                },
                {
                    "r": 1.0,
                    "g": 1.0,
                    "b": 1.0,
                    "a": 1.0
                },
                {
                    "r": 1.0,
                    "g": 1.0,
                    "b": 1.0,
                    "a": 1.0
                },
                {
                    "r": 1.0,
                    "g": 1.0,
                    "b": 1.0,
                    "a": 1.0
                }
            ],
            "instanceId": 30019
        },
        {
            "crowdTypeID": 366,
            "spawnPosition": {
                "x": 3523.508056640625,
                "y": 427.4049072265625,
                "z": 4477.68896484375
            },
            "spawnFaceFwd": {
                "x": 0.7619250416755676,
                "z": -0.64766526222229
            },
            "hairColor": {
                "r": 0.4274509847164154,
                "g": 0.37254902720451355,
                "b": 0.3019607961177826,
                "a": 1.0
            },
            "bodyColors": [
                {
                    "r": 1.0,
                    "g": 0.9137254953384399,
                    "b": 0.8627451062202454,
                    "a": 1.0
                },
                {
                    "r": 0.8549019694328308,
                    "g": 0.800000011920929,
                    "b": 0.7686274647712708,
                    "a": 1.0
                },
                {
                    "r": 0.6000000238418579,
                    "g": 0.5686274766921997,
                    "b": 0.658823549747467,
                    "a": 1.0
                },
                {
                    "r": 0.3176470696926117,
                    "g": 0.23529411852359772,
                    "b": 0.3176470696926117,
                    "a": 1.0
                }
            ],
            "instanceId": 30020
        }
    ]
}