{
  "crowdSpawnInfos": [
    {
      "crowdTypeID": 346,
      "animConfigID": 3,
      "spawnPosition": {
        "x": 1176.31298828125,
        "y": 296.343505859375,
        "z": 4341.5048828125
      },
      "spawnFaceFwd": {
        "x": 0.9967860579490662,
        "z": 0.08010989427566528
      },
      "hairColor": {
        "r": 0.5215686559677124,
        "g": 0.40392157435417175,
        "b": 0.2549019753932953,
        "a": 1.0
      },
      "bodyColors": [
        {
          "r": 0.9058823585510254,
          "g": 0.7882353067398071,
          "b": 0.7333333492279053,
          "a": 1.0
        },
        {
          "r": 0.8666666746139526,
          "g": 0.8627451062202454,
          "b": 0.8588235378265381,
          "a": 1.0
        },
        {
          "r": 0.30588236451148987,
          "g": 0.1568627506494522,
          "b": 0.22745098173618317,
          "a": 1.0
        },
        {
          "r": 0.5568627715110779,
          "g": 0.6352941393852234,
          "b": 0.6745098233222961,
          "a": 1.0
        }
      ],
      "instanceId": 80002
    },
    {
      "crowdTypeID": 333,
      "animConfigID": 3,
      "spawnPosition": {
        "x": 1177.2230224609375,
        "y": 296.5581970214844,
        "z": 4335.259765625
      },
      "spawnFaceFwd": {
        "x": -0.9014143943786621,
        "z": -0.4329572916030884
      },
      "hairColor": {
        "r": 0.25882354378700256,
        "g": 0.25882354378700256,
        "b": 0.25882354378700256,
        "a": 1.0
      },
      "bodyColors": [
        {
          "r": 1.0,
          "g": 0.9137254953384399,
          "b": 0.8627451062202454,
          "a": 1.0
        },
        {
          "r": 0.8666666746139526,
          "g": 0.8627451062202454,
          "b": 0.8588235378265381,
          "a": 1.0
        },
        {
          "r": 0.5568627715110779,
          "g": 0.6352941393852234,
          "b": 0.6745098233222961,
          "a": 1.0
        },
        {
          "r": 0.30588236451148987,
          "g": 0.1568627506494522,
          "b": 0.22745098173618317,
          "a": 1.0
        }
      ],
      "instanceId": 80003
    },
    {
      "crowdTypeID": 329,
      "animConfigID": 1,
      "spawnPosition": {
        "x": 1177.875,
        "y": 296.36199951171875,
        "z": 4341.51806640625
      },
      "spawnFaceFwd": {
        "x": -0.9977582097053528,
        "z": -0.06692171096801758
      },
      "hairColor": {
        "r": 0.8392156958580017,
        "g": 0.8392156958580017,
        "b": 0.8392156958580017,
        "a": 1.0
      },
      "bodyColors": [
        {
          "r": 0.9058823585510254,
          "g": 0.7882353067398071,
          "b": 0.7333333492279053,
          "a": 1.0
        },
        {
          "r": 0.5568627715110779,
          "g": 0.6352941393852234,
          "b": 0.6745098233222961,
          "a": 1.0
        },
        {
          "r": 0.30588236451148987,
          "g": 0.1568627506494522,
          "b": 0.22745098173618317,
          "a": 1.0
        },
        {
          "r": 0.8666666746139526,
          "g": 0.8627451062202454,
          "b": 0.8588235378265381,
          "a": 1.0
        }
      ],
      "instanceId": 80004
    },
    {
      "crowdTypeID": 326,
      "animConfigID": 1,
      "spawnPosition": {
        "x": 1177.7459716796875,
        "y": 296.3758850097656,
        "z": 4340.5517578125
      },
      "spawnFaceFwd": {
        "x": -0.5845034122467041,
        "z": 0.8113912343978882
      },
      "hairColor": {
        "r": 0.29019609093666077,
        "g": 0.3176470696926117,
        "b": 0.3529411852359772,
        "a": 1.0
      },
      "bodyColors": [
        {
          "r": 1.0,
          "g": 0.9137254953384399,
          "b": 0.8627451062202454,
          "a": 1.0
        },
        {
          "r": 0.42352941632270813,
          "g": 0.2666666805744171,
          "b": 0.21960784494876862,
          "a": 1.0
        },
        {
          "r": 0.9450980424880981,
          "g": 0.9333333373069763,
          "b": 0.9372549057006836,
          "a": 1.0
        },
        {
          "r": 0.8117647171020508,
          "g": 0.7176470756530762,
          "b": 0.5568627715110779,
          "a": 1.0
        }
      ],
      "instanceId": 80005
    },
    {
      "crowdTypeID": 340,
      "animConfigID": 3,
      "spawnPosition": {
        "x": 1203.3929443359375,
        "y": 301.1794128417969,
        "z": 4316.0859375
      },
      "spawnFaceFwd": {
        "x": 0.7554498910903931,
        "z": -0.6552063226699829
      },
      "sitOnChair": true,
      "hairColor": {
        "r": 0.5215686559677124,
        "g": 0.40392157435417175,
        "b": 0.2549019753932953,
        "a": 1.0
      },
      "bodyColors": [
        {
          "r": 0.9843137264251709,
          "g": 0.8941176533699036,
          "b": 0.8549019694328308,
          "a": 1.0
        },
        {
          "r": 0.6000000238418579,
          "g": 0.5686274766921997,
          "b": 0.658823549747467,
          "a": 1.0
        },
        {
          "r": 0.8549019694328308,
          "g": 0.800000011920929,
          "b": 0.7686274647712708,
          "a": 1.0
        },
        {
          "r": 0.3176470696926117,
          "g": 0.23529411852359772,
          "b": 0.3176470696926117,
          "a": 1.0
        }
      ],
      "instanceId": 80006
    },
    {
      "crowdTypeID": 349,
      "animConfigID": 2,
      "spawnPosition": {
        "x": 1204.3680419921875,
        "y": 301.1794128417969,
        "z": 4314.2451171875
      },
      "spawnFaceFwd": {
        "z": 1.0
      },
      "sitOnChair": true,
      "hairColor": {
        "r": 0.5215686559677124,
        "g": 0.40392157435417175,
        "b": 0.2549019753932953,
        "a": 1.0
      },
      "bodyColors": [
        {
          "r": 0.9058823585510254,
          "g": 0.7882353067398071,
          "b": 0.7333333492279053,
          "a": 1.0
        },
        {
          "r": 0.8666666746139526,
          "g": 0.8627451062202454,
          "b": 0.8588235378265381,
          "a": 1.0
        },
        {
          "r": 0.30588236451148987,
          "g": 0.1568627506494522,
          "b": 0.22745098173618317,
          "a": 1.0
        },
        {
          "r": 0.5568627715110779,
          "g": 0.6352941393852234,
          "b": 0.6745098233222961,
          "a": 1.0
        }
      ],
      "instanceId": 80007
    },
    {
      "crowdTypeID": 335,
      "animConfigID": 3,
      "spawnPosition": {
        "x": 1182.8370361328125,
        "y": 287.2095031738281,
        "z": 4395.3701171875
      },
      "spawnFaceFwd": {
        "x": 0.09798766672611237,
        "z": -0.995187520980835
      },
      "hairColor": {
        "r": 0.32156863808631897,
        "g": 0.21568627655506134,
        "b": 0.18039216101169586,
        "a": 1.0
      },
      "bodyColors": [
        {
          "r": 0.9058823585510254,
          "g": 0.7882353067398071,
          "b": 0.7333333492279053,
          "a": 1.0
        },
        {
          "r": 0.8549019694328308,
          "g": 0.800000011920929,
          "b": 0.7686274647712708,
          "a": 1.0
        },
        {
          "r": 0.6000000238418579,
          "g": 0.5686274766921997,
          "b": 0.658823549747467,
          "a": 1.0
        },
        {
          "r": 0.3176470696926117,
          "g": 0.23529411852359772,
          "b": 0.3176470696926117,
          "a": 1.0
        }
      ],
      "instanceId": 80008
    },
    {
      "crowdTypeID": 339,
      "animConfigID": 2,
      "spawnPosition": {
        "x": 1183.116943359375,
        "y": 287.1796875,
        "z": 4394.18994140625
      },
      "spawnFaceFwd": {
        "x": -0.057746995240449905,
        "z": 0.9983312487602234
      },
      "hairColor": {
        "r": 0.29019609093666077,
        "g": 0.3176470696926117,
        "b": 0.3529411852359772,
        "a": 1.0
      },
      "bodyColors": [
        {
          "r": 0.9843137264251709,
          "g": 0.8941176533699036,
          "b": 0.8549019694328308,
          "a": 1.0
        },
        {
          "r": 0.11764705926179886,
          "g": 0.29019609093666077,
          "b": 0.2823529541492462,
          "a": 1.0
        },
        {
          "r": 0.8980392217636108,
          "g": 0.8980392217636108,
          "b": 0.8313725590705872,
          "a": 1.0
        },
        {
          "r": 0.6352941393852234,
          "g": 0.6039215922355652,
          "b": 0.4901960790157318,
          "a": 1.0
        }
      ],
      "instanceId": 80009
    },
    {
      "crowdTypeID": 328,
      "spawnPosition": {
        "x": 1205.0810546875,
        "y": 283.6318054199219,
        "z": 4419.26123046875
      },
      "spawnFaceFwd": {
        "x": 0.9388274550437927,
        "z": 0.3443880081176758
      },
      "hairColor": {
        "r": 0.8392156958580017,
        "g": 0.8392156958580017,
        "b": 0.8392156958580017,
        "a": 1.0
      },
      "bodyColors": [
        {
          "r": 0.9058823585510254,
          "g": 0.7882353067398071,
          "b": 0.7333333492279053,
          "a": 1.0
        },
        {
          "r": 0.6000000238418579,
          "g": 0.5686274766921997,
          "b": 0.658823549747467,
          "a": 1.0
        },
        {
          "r": 0.3176470696926117,
          "g": 0.23529411852359772,
          "b": 0.3176470696926117,
          "a": 1.0
        },
        {
          "r": 0.8549019694328308,
          "g": 0.800000011920929,
          "b": 0.7686274647712708,
          "a": 1.0
        }
      ],
      "instanceId": 80010
    }
  ]
}