{
    "crowdSpawnInfos": [
        {
            "crowdTypeID": 67,
            "animConfigID": 6,
            "spawnPosition": {
                "x": 2269.693115234375,
                "y": 290.8559875488281,
                "z": 1518.708984375
            },
            "spawnFaceFwd": {
                "x": 0.9435390830039978,
                "y": -0.015204805880784988,
                "z": 0.3309115767478943
            },
            "hairColor": {
                "r": 0.25882354378700256,
                "g": 0.25882354378700256,
                "b": 0.25882354378700256,
                "a": 1.0
            },
            "bodyColors": [
                {
                    "r": 0.9058823585510254,
                    "g": 0.7882353067398071,
                    "b": 0.7333333492279053,
                    "a": 1.0
                },
                {
                    "r": 0.42352941632270813,
                    "g": 0.4627451002597809,
                    "b": 0.5647059082984924,
                    "a": 1.0
                },
                {
                    "r": 0.6745098233222961,
                    "g": 0.6666666865348816,
                    "b": 0.6549019813537598,
                    "a": 1.0
                },
                {
                    "r": 0.2980392277240753,
                    "g": 0.27843138575553894,
                    "b": 0.3176470696926117,
                    "a": 1.0
                }
            ],
            "instanceId": 70001
        },
        {
            "crowdTypeID": 86,
            "spawnPosition": {
                "x": 2269.197998046875,
                "y": 290.8877868652344,
                "z": 1519.5279541015625
            },
            "spawnFaceFwd": {
                "x": 0.9982364177703857,
                "y": -0.023181775584816933,
                "z": 0.0546504445374012
            },
            "hairColor": {
                "r": 0.25882354378700256,
                "g": 0.25882354378700256,
                "b": 0.25882354378700256,
                "a": 1.0
            },
            "bodyColors": [
                {
                    "r": 0.9333333373069763,
                    "g": 0.8666666746139526,
                    "b": 0.843137264251709,
                    "a": 1.0
                },
                {
                    "r": 0.4117647111415863,
                    "g": 0.35686275362968445,
                    "b": 0.3960784375667572,
                    "a": 1.0
                },
                {
                    "r": 0.5647059082984924,
                    "g": 0.5490196347236633,
                    "b": 0.5607843399047852,
                    "a": 1.0
                },
                {
                    "r": 0.2666666805744171,
                    "g": 0.2078431397676468,
                    "b": 0.23529411852359772,
                    "a": 1.0
                }
            ],
            "instanceId": 70002
        },
        {
            "crowdTypeID": 91,
            "spawnPosition": {
                "x": 2269.60302734375,
                "y": 290.8559875488281,
                "z": 1516.927001953125
            },
            "spawnFaceFwd": {
                "x": 0.9982362985610962,
                "y": -0.023181842640042305,
                "z": 0.054651279002428055
            },
            "hairColor": {
                "r": 0.8392156958580017,
                "g": 0.8392156958580017,
                "b": 0.8392156958580017,
                "a": 1.0
            },
            "bodyColors": [
                {
                    "r": 0.9058823585510254,
                    "g": 0.7882353067398071,
                    "b": 0.7333333492279053,
                    "a": 1.0
                },
                {
                    "r": 0.23529411852359772,
                    "g": 0.2549019753932953,
                    "b": 0.30980393290519714,
                    "a": 1.0
                },
                {
                    "r": 0.572549045085907,
                    "g": 0.5176470875740051,
                    "b": 0.5803921818733215,
                    "a": 1.0
                },
                {
                    "r": 0.8039215803146362,
                    "g": 0.7254902124404907,
                    "b": 0.6941176652908325,
                    "a": 1.0
                }
            ],
            "instanceId": 70003
        },
        {
            "crowdTypeID": 89,
            "animConfigID": 1,
            "spawnPosition": {
                "x": 2276.383056640625,
                "y": 288.10528564453125,
                "z": 1512.875
            },
            "spawnFaceFwd": {
                "x": 0.6650965809822083,
                "y": 0.0016158251091837883,
                "z": 0.7467555999755859
            },
            "hairColor": {
                "r": 0.29019609093666077,
                "g": 0.3176470696926117,
                "b": 0.3529411852359772,
                "a": 1.0
            },
            "bodyColors": [
                {
                    "r": 0.9333333373069763,
                    "g": 0.8666666746139526,
                    "b": 0.843137264251709,
                    "a": 1.0
                },
                {
                    "r": 0.8039215803146362,
                    "g": 0.7254902124404907,
                    "b": 0.6941176652908325,
                    "a": 1.0
                },
                {
                    "r": 0.572549045085907,
                    "g": 0.5176470875740051,
                    "b": 0.5803921818733215,
                    "a": 1.0
                },
                {
                    "r": 0.23529411852359772,
                    "g": 0.2549019753932953,
                    "b": 0.30980393290519714,
                    "a": 1.0
                }
            ],
            "instanceId": 70004
        },
        {
            "crowdTypeID": 88,
            "animConfigID": 2,
            "spawnPosition": {
                "x": 2275.468017578125,
                "y": 288.1470947265625,
                "z": 1513.677001953125
            },
            "spawnFaceFwd": {
                "x": 0.7997310757637024,
                "y": -0.005204824730753899,
                "z": 0.6003357768058777
            },
            "hairColor": {
                "r": 0.25882354378700256,
                "g": 0.25882354378700256,
                "b": 0.25882354378700256,
                "a": 1.0
            },
            "bodyColors": [
                {
                    "r": 0.9333333373069763,
                    "g": 0.8666666746139526,
                    "b": 0.843137264251709,
                    "a": 1.0
                },
                {
                    "r": 0.572549045085907,
                    "g": 0.5176470875740051,
                    "b": 0.5803921818733215,
                    "a": 1.0
                },
                {
                    "r": 0.23529411852359772,
                    "g": 0.2549019753932953,
                    "b": 0.30980393290519714,
                    "a": 1.0
                },
                {
                    "r": 0.8039215803146362,
                    "g": 0.7254902124404907,
                    "b": 0.6941176652908325,
                    "a": 1.0
                }
            ],
            "instanceId": 70005
        },
        {
            "crowdTypeID": 72,
            "animConfigID": 11,
            "spawnPosition": {
                "x": 2275.9990234375,
                "y": 288.068115234375,
                "z": 1510.928955078125
            },
            "spawnFaceFwd": {
                "x": 0.4550590217113495,
                "y": 0.010218745097517967,
                "z": 0.8904026746749878
            },
            "hairColor": {
                "r": 0.25882354378700256,
                "g": 0.25882354378700256,
                "b": 0.25882354378700256,
                "a": 1.0
            },
            "bodyColors": [
                {
                    "r": 0.9333333373069763,
                    "g": 0.8666666746139526,
                    "b": 0.843137264251709,
                    "a": 1.0
                },
                {
                    "r": 0.42352941632270813,
                    "g": 0.4627451002597809,
                    "b": 0.5647059082984924,
                    "a": 1.0
                },
                {
                    "r": 0.6745098233222961,
                    "g": 0.6666666865348816,
                    "b": 0.6549019813537598,
                    "a": 1.0
                },
                {
                    "r": 0.2980392277240753,
                    "g": 0.27843138575553894,
                    "b": 0.3176470696926117,
                    "a": 1.0
                }
            ],
            "instanceId": 70006
        },
        {
            "crowdTypeID": 81,
            "animConfigID": 13,
            "spawnPosition": {
                "x": 2275.0458984375,
                "y": 288.1090087890625,
                "z": 1511.6590576171875
            },
            "spawnFaceFwd": {
                "x": 0.4550590217113495,
                "y": 0.010218745097517967,
                "z": 0.8904026746749878
            },
            "hairColor": {
                "r": 0.25882354378700256,
                "g": 0.25882354378700256,
                "b": 0.25882354378700256,
                "a": 1.0
            },
            "bodyColors": [
                {
                    "r": 0.9058823585510254,
                    "g": 0.7882353067398071,
                    "b": 0.7333333492279053,
                    "a": 1.0
                },
                {
                    "r": 0.6745098233222961,
                    "g": 0.6666666865348816,
                    "b": 0.6549019813537598,
                    "a": 1.0
                },
                {
                    "r": 0.42352941632270813,
                    "g": 0.4627451002597809,
                    "b": 0.5647059082984924,
                    "a": 1.0
                },
                {
                    "r": 0.2980392277240753,
                    "g": 0.27843138575553894,
                    "b": 0.3176470696926117,
                    "a": 1.0
                }
            ],
            "instanceId": 70007
        }
    ]
}