{
    "crowdSpawnInfos": [
        {
            "crowdTypeID": 383,
            "spawnPosition": {
                "x": 2196.781982421875,
                "y": 290.3277893066406,
                "z": 1581.5469970703125
            },
            "spawnFaceFwd": {
                "x": 0.4526500999927521,
                "z": 0.8916882276535034
            },
            "hairColor": {
                "r": 0.25882354378700256,
                "g": 0.25882354378700256,
                "b": 0.25882354378700256,
                "a": 1.0
            },
            "bodyColors": [
                {
                    "r": 0.9058823585510254,
                    "g": 0.7882353067398071,
                    "b": 0.7333333492279053,
                    "a": 1.0
                },
                {
                    "r": 0.5686274766921997,
                    "g": 0.572549045085907,
                    "b": 0.6117647290229797,
                    "a": 1.0
                },
                {
                    "r": 0.2235294133424759,
                    "g": 0.2705882489681244,
                    "b": 0.3607843220233917,
                    "a": 1.0
                },
                {
                    "r": 0.3137255012989044,
                    "g": 0.38823530077934265,
                    "b": 0.47843137383461,
                    "a": 1.0
                }
            ],
            "instanceId": 50001
        },
        {
            "crowdTypeID": 383,
            "spawnPosition": {
                "x": 2211.9169921875,
                "y": 293.36029052734375,
                "z": 1591.7840576171875
            },
            "spawnFaceFwd": {
                "z": 1.0
            },
            "hairColor": {
                "r": 0.32156863808631897,
                "g": 0.21568627655506134,
                "b": 0.18039216101169586,
                "a": 1.0
            },
            "bodyColors": [
                {
                    "r": 0.9333333373069763,
                    "g": 0.8666666746139526,
                    "b": 0.843137264251709,
                    "a": 1.0
                },
                {
                    "r": 0.2666666805744171,
                    "g": 0.2078431397676468,
                    "b": 0.23529411852359772,
                    "a": 1.0
                },
                {
                    "r": 0.5647059082984924,
                    "g": 0.5490196347236633,
                    "b": 0.5607843399047852,
                    "a": 1.0
                },
                {
                    "r": 0.4117647111415863,
                    "g": 0.35686275362968445,
                    "b": 0.3960784375667572,
                    "a": 1.0
                }
            ],
            "instanceId": 50002
        },
        {
            "crowdTypeID": 383,
            "spawnPosition": {
                "x": 2230.693115234375,
                "y": 287.472900390625,
                "z": 1570.35498046875
            },
            "spawnFaceFwd": {
                "x": 0.16383901238441467,
                "z": 0.986487090587616
            },
            "hairColor": {
                "r": 0.29019609093666077,
                "g": 0.3176470696926117,
                "b": 0.3529411852359772,
                "a": 1.0
            },
            "bodyColors": [
                {
                    "r": 0.9333333373069763,
                    "g": 0.8666666746139526,
                    "b": 0.843137264251709,
                    "a": 1.0
                },
                {
                    "r": 0.239215686917305,
                    "g": 0.2666666805744171,
                    "b": 0.29411765933036804,
                    "a": 1.0
                },
                {
                    "r": 0.7568627595901489,
                    "g": 0.7568627595901489,
                    "b": 0.7254902124404907,
                    "a": 1.0
                },
                {
                    "r": 0.47843137383461,
                    "g": 0.4470588266849518,
                    "b": 0.3960784375667572,
                    "a": 1.0
                }
            ],
            "instanceId": 50003
        },
        {
            "crowdTypeID": 383,
            "spawnPosition": {
                "x": 2198.347900390625,
                "y": 288.09149169921875,
                "z": 1498.7039794921875
            },
            "spawnFaceFwd": {
                "x": -0.8844595551490784,
                "z": -0.46661674976348877
            },
            "hairColor": {
                "r": 0.32156863808631897,
                "g": 0.21568627655506134,
                "b": 0.18039216101169586,
                "a": 1.0
            },
            "bodyColors": [
                {
                    "r": 0.9333333373069763,
                    "g": 0.8666666746139526,
                    "b": 0.843137264251709,
                    "a": 1.0
                },
                {
                    "r": 0.3137255012989044,
                    "g": 0.38823530077934265,
                    "b": 0.47843137383461,
                    "a": 1.0
                },
                {
                    "r": 0.2235294133424759,
                    "g": 0.2705882489681244,
                    "b": 0.3607843220233917,
                    "a": 1.0
                },
                {
                    "r": 0.5686274766921997,
                    "g": 0.572549045085907,
                    "b": 0.6117647290229797,
                    "a": 1.0
                }
            ],
            "instanceId": 50004
        },
        {
            "crowdTypeID": 384,
            "spawnPosition": {
                "x": 2177.44189453125,
                "y": 292.6792907714844,
                "z": 1490.9010009765625
            },
            "spawnFaceFwd": {
                "x": 0.4647570550441742,
                "z": -0.8854383230209351
            },
            "hairColor": {
                "r": 0.29019609093666077,
                "g": 0.3176470696926117,
                "b": 0.3529411852359772,
                "a": 1.0
            },
            "bodyColors": [
                {
                    "r": 0.9058823585510254,
                    "g": 0.7882353067398071,
                    "b": 0.7333333492279053,
                    "a": 1.0
                },
                {
                    "r": 0.3764705955982208,
                    "g": 0.2823529541492462,
                    "b": 0.2823529541492462,
                    "a": 1.0
                },
                {
                    "r": 0.2549019753932953,
                    "g": 0.26274511218070984,
                    "b": 0.2705882489681244,
                    "a": 1.0
                },
                {
                    "r": 0.41960784792900085,
                    "g": 0.41960784792900085,
                    "b": 0.4117647111415863,
                    "a": 1.0
                }
            ],
            "instanceId": 50005
        },
        {
            "crowdTypeID": 385,
            "spawnPosition": {
                "x": 2167.944091796875,
                "y": 287.74371337890625,
                "z": 1509.2060546875
            },
            "spawnFaceFwd": {
                "x": 0.09232909977436066,
                "z": -0.995728611946106
            },
            "hairColor": {
                "r": 0.32156863808631897,
                "g": 0.21568627655506134,
                "b": 0.18039216101169586,
                "a": 1.0
            },
            "bodyColors": [
                {
                    "r": 0.9333333373069763,
                    "g": 0.8666666746139526,
                    "b": 0.843137264251709,
                    "a": 1.0
                },
                {
                    "r": 0.47843137383461,
                    "g": 0.4470588266849518,
                    "b": 0.3960784375667572,
                    "a": 1.0
                },
                {
                    "r": 0.239215686917305,
                    "g": 0.2666666805744171,
                    "b": 0.29411765933036804,
                    "a": 1.0
                },
                {
                    "r": 0.7568627595901489,
                    "g": 0.7568627595901489,
                    "b": 0.7254902124404907,
                    "a": 1.0
                }
            ],
            "instanceId": 50006
        },
        {
            "crowdTypeID": 383,
            "spawnPosition": {
                "x": 2151.56591796875,
                "y": 287.1506042480469,
                "z": 1515.77294921875
            },
            "spawnFaceFwd": {
                "x": 0.6328945755958557,
                "z": -0.774237871170044
            },
            "hairColor": {
                "r": 0.25882354378700256,
                "g": 0.25882354378700256,
                "b": 0.25882354378700256,
                "a": 1.0
            },
            "bodyColors": [
                {
                    "r": 0.9333333373069763,
                    "g": 0.8666666746139526,
                    "b": 0.843137264251709,
                    "a": 1.0
                },
                {
                    "r": 0.5686274766921997,
                    "g": 0.572549045085907,
                    "b": 0.6117647290229797,
                    "a": 1.0
                },
                {
                    "r": 0.2235294133424759,
                    "g": 0.2705882489681244,
                    "b": 0.3607843220233917,
                    "a": 1.0
                },
                {
                    "r": 0.3137255012989044,
                    "g": 0.38823530077934265,
                    "b": 0.47843137383461,
                    "a": 1.0
                }
            ],
            "instanceId": 50007
        },
        {
            "crowdTypeID": 384,
            "spawnPosition": {
                "x": 2138.014892578125,
                "y": 288.1343994140625,
                "z": 1538.385986328125
            },
            "spawnFaceFwd": {
                "x": -0.7658703923225403,
                "z": 0.6429949998855591
            },
            "hairColor": {
                "r": 0.29019609093666077,
                "g": 0.3176470696926117,
                "b": 0.3529411852359772,
                "a": 1.0
            },
            "bodyColors": [
                {
                    "r": 0.9058823585510254,
                    "g": 0.7882353067398071,
                    "b": 0.7333333492279053,
                    "a": 1.0
                },
                {
                    "r": 0.239215686917305,
                    "g": 0.2666666805744171,
                    "b": 0.29411765933036804,
                    "a": 1.0
                },
                {
                    "r": 0.7568627595901489,
                    "g": 0.7568627595901489,
                    "b": 0.7254902124404907,
                    "a": 1.0
                },
                {
                    "r": 0.47843137383461,
                    "g": 0.4470588266849518,
                    "b": 0.3960784375667572,
                    "a": 1.0
                }
            ],
            "instanceId": 50008
        },
        {
            "crowdTypeID": 384,
            "spawnPosition": {
                "x": 2231.48193359375,
                "y": 287.51611328125,
                "z": 1570.4859619140625
            },
            "spawnFaceFwd": {
                "x": -0.32945168018341064,
                "z": 0.9441724419593811
            },
            "hairColor": {
                "r": 0.29019609093666077,
                "g": 0.3176470696926117,
                "b": 0.3529411852359772,
                "a": 1.0
            },
            "bodyColors": [
                {
                    "r": 0.9058823585510254,
                    "g": 0.7882353067398071,
                    "b": 0.7333333492279053,
                    "a": 1.0
                },
                {
                    "r": 0.8039215803146362,
                    "g": 0.7254902124404907,
                    "b": 0.6941176652908325,
                    "a": 1.0
                },
                {
                    "r": 0.23529411852359772,
                    "g": 0.2549019753932953,
                    "b": 0.30980393290519714,
                    "a": 1.0
                },
                {
                    "r": 0.572549045085907,
                    "g": 0.5176470875740051,
                    "b": 0.5803921818733215,
                    "a": 1.0
                }
            ],
            "instanceId": 50009
        }
    ]
}