{
  "crowdSpawnInfos": [
    {
      "crowdTypeID": 462,
      "animConfigID": 2,
      "spawnPosition": {
        "x": -1914.8489990234375,
        "y": 60.37678909301758,
        "z": 8999.91796875
      },
      "spawnFaceFwd": {
        "x": -0.9501898884773254,
        "z": 0.3116716146469116
      },
      "sitOnChair": true,
      "hairColor": {
        "r": 0.25882354378700256,
        "g": 0.25882354378700256,
        "b": 0.25882354378700256,
        "a": 1.0
      },
      "bodyColors": [
        {
          "r": 0.9058823585510254,
          "g": 0.7882353067398071,
          "b": 0.7333333492279053,
          "a": 1.0
        },
        {
          "r": 0.3450980484485626,
          "g": 0.2980392277240753,
          "b": 0.23529411852359772,
          "a": 1.0
        },
        {
          "r": 0.47843137383461,
          "g": 0.32156863808631897,
          "b": 0.2078431397676468,
          "a": 1.0
        },
        {
          "r": 0.7333333492279053,
          "g": 0.5882353186607361,
          "b": 0.3803921639919281,
          "a": 1.0
        }
      ],
      "instanceId": 140001
    },
    {
      "crowdTypeID": 471,
      "animConfigID": 3,
      "spawnPosition": {
        "x": -1915.0660400390625,
        "y": 60.39598083496094,
        "z": 8999.12890625
      },
      "spawnFaceFwd": {
        "x": -0.8323849439620972,
        "z": 0.5541979074478149
      },
      "sitOnChair": true,
      "hairColor": {
        "r": 0.5215686559677124,
        "g": 0.40392157435417175,
        "b": 0.2549019753932953,
        "a": 1.0
      },
      "bodyColors": [
        {
          "r": 0.9058823585510254,
          "g": 0.7882353067398071,
          "b": 0.7333333492279053,
          "a": 1.0
        },
        {
          "r": 0.7333333492279053,
          "g": 0.5882353186607361,
          "b": 0.3803921639919281,
          "a": 1.0
        },
        {
          "r": 0.47843137383461,
          "g": 0.32156863808631897,
          "b": 0.2078431397676468,
          "a": 1.0
        },
        {
          "r": 0.3450980484485626,
          "g": 0.2980392277240753,
          "b": 0.23529411852359772,
          "a": 1.0
        }
      ],
      "instanceId": 140002
    },
    {
      "crowdTypeID": 413,
      "animConfigID": 2,
      "spawnPosition": {
        "x": -1905.0880126953125,
        "y": 60.37678909301758,
        "z": 8998.1708984375
      },
      "spawnFaceFwd": {
        "x": 0.9595556855201721,
        "z": 0.2815190553665161
      },
      "hairColor": {
        "r": 0.5215686559677124,
        "g": 0.40392157435417175,
        "b": 0.2549019753932953,
        "a": 1.0
      },
      "bodyColors": [
        {
          "r": 0.9058823585510254,
          "g": 0.7882353067398071,
          "b": 0.7333333492279053,
          "a": 1.0
        },
        {
          "r": 0.8352941274642944,
          "g": 0.8705882430076599,
          "b": 0.8901960849761963,
          "a": 1.0
        },
        {
          "r": 0.37254902720451355,
          "g": 0.5843137502670288,
          "b": 0.6196078658103943,
          "a": 1.0
        },
        {
          "r": 0.1568627506494522,
          "g": 0.23137255012989044,
          "b": 0.2705882489681244,
          "a": 1.0
        }
      ],
      "instanceId": 140003
    },
    {
      "crowdTypeID": 460,
      "animConfigID": 1,
      "spawnPosition": {
        "x": -1903.8199462890625,
        "y": 60.37678909301758,
        "z": 8997.7021484375
      },
      "spawnFaceFwd": {
        "x": -0.4133765995502472,
        "z": 0.910560131072998
      },
      "hairColor": {
        "r": 0.5215686559677124,
        "g": 0.40392157435417175,
        "b": 0.2549019753932953,
        "a": 1.0
      },
      "bodyColors": [
        {
          "r": 0.7921568751335144,
          "g": 0.6549019813537598,
          "b": 0.5843137502670288,
          "a": 1.0
        },
        {
          "r": 0.47058823704719543,
          "g": 0.33725491166114807,
          "b": 0.3176470696926117,
          "a": 1.0
        },
        {
          "r": 0.6509804129600525,
          "g": 0.364705890417099,
          "b": 0.3450980484485626,
          "a": 1.0
        },
        {
          "r": 0.8196078538894653,
          "g": 0.7568627595901489,
          "b": 0.729411780834198,
          "a": 1.0
        }
      ],
      "instanceId": 140004
    },
    {
      "crowdTypeID": 449,
      "animConfigID": 3,
      "spawnPosition": {
        "x": -1903.4610595703125,
        "y": 60.37678909301758,
        "z": 8998.8671875
      },
      "spawnFaceFwd": {
        "x": -0.8033666014671326,
        "z": -0.5954846143722534
      },
      "hairColor": {
        "r": 0.25882354378700256,
        "g": 0.25882354378700256,
        "b": 0.25882354378700256,
        "a": 1.0
      },
      "bodyColors": [
        {
          "r": 0.9058823585510254,
          "g": 0.7882353067398071,
          "b": 0.7333333492279053,
          "a": 1.0
        },
        {
          "r": 0.8196078538894653,
          "g": 0.6392157077789307,
          "b": 0.7411764860153198,
          "a": 1.0
        },
        {
          "r": 0.5176470875740051,
          "g": 0.4000000059604645,
          "b": 0.5960784554481506,
          "a": 1.0
        },
        {
          "r": 0.2862745225429535,
          "g": 0.19607843458652496,
          "b": 0.30980393290519714,
          "a": 1.0
        }
      ],
      "instanceId": 140005
    },
    {
      "crowdTypeID": 480,
      "animConfigID": 1,
      "spawnPosition": {
        "x": -1923.136962890625,
        "y": 61.114601135253906,
        "z": 9000.287109375
      },
      "spawnFaceFwd": {
        "x": 0.25339293479919434,
        "z": 0.9673634171485901
      },
      "hairColor": {
        "r": 0.5215686559677124,
        "g": 0.40392157435417175,
        "b": 0.2549019753932953,
        "a": 1.0
      },
      "bodyColors": [
        {
          "r": 0.9058823585510254,
          "g": 0.7882353067398071,
          "b": 0.7333333492279053,
          "a": 1.0
        },
        {
          "r": 0.2705882489681244,
          "g": 0.32549020648002625,
          "b": 0.33725491166114807,
          "a": 1.0
        },
        {
          "r": 0.47058823704719543,
          "g": 0.5960784554481506,
          "b": 0.40392157435417175,
          "a": 1.0
        },
        {
          "r": 0.6901960968971252,
          "g": 0.7098039388656616,
          "b": 0.686274528503418,
          "a": 1.0
        }
      ],
      "instanceId": 140006
    }
  ]
}