{
  "crowdSpawnInfos": [
    {
      "crowdTypeID": 445,
      "animConfigID": 2,
      "spawnPosition": {
        "x": -1687.2349853515625,
        "y": 52.275291442871094,
        "z": 8353.73828125
      },
      "spawnFaceFwd": {
        "x": -0.9623011350631714,
        "z": -0.27198612689971924
      },
      "hairColor": {
        "r": 0.4274509847164154,
        "g": 0.37254902720451355,
        "b": 0.3019607961177826,
        "a": 1.0
      },
      "bodyColors": [
        {
          "r": 0.9333333373069763,
          "g": 0.8666666746139526,
          "b": 0.843137264251709,
          "a": 1.0
        },
        {
          "r": 0.8196078538894653,
          "g": 0.7882353067398071,
          "b": 0.7450980544090271,
          "a": 1.0
        },
        {
          "r": 0.47843137383461,
          "g": 0.5490196347236633,
          "b": 0.3294117748737335,
          "a": 1.0
        },
        {
          "r": 0.3294117748737335,
          "g": 0.3294117748737335,
          "b": 0.20392157137393951,
          "a": 1.0
        }
      ],
      "instanceId": 10001
    },
    {
      "crowdTypeID": 487,
      "animConfigID": 1,
      "spawnPosition": {
        "x": -1666.125,
        "y": 52.48242950439453,
        "z": 8335.9892578125
      },
      "spawnFaceFwd": {
        "x": 0.7324923276901245,
        "z": 0.6807752847671509
      },
      "hairColor": {
        "r": 0.3960784375667572,
        "g": 0.27843138575553894,
        "b": 0.1882352977991104,
        "a": 1.0
      },
      "bodyColors": [
        {
          "r": 0.9058823585510254,
          "g": 0.7882353067398071,
          "b": 0.7333333492279053,
          "a": 1.0
        },
        {
          "r": 0.6901960968971252,
          "g": 0.7098039388656616,
          "b": 0.686274528503418,
          "a": 1.0
        },
        {
          "r": 0.2705882489681244,
          "g": 0.32549020648002625,
          "b": 0.33725491166114807,
          "a": 1.0
        },
        {
          "r": 0.47058823704719543,
          "g": 0.5960784554481506,
          "b": 0.40392157435417175,
          "a": 1.0
        }
      ],
      "instanceId": 10002
    },
    {
      "crowdTypeID": 416,
      "animConfigID": 1,
      "spawnPosition": {
        "x": -1674.011962890625,
        "y": 52.712181091308594,
        "z": 8360.216796875
      },
      "spawnFaceFwd": {
        "x": 0.9982304573059082,
        "z": 0.05946391820907593
      },
      "hairColor": {
        "r": 0.32156863808631897,
        "g": 0.21568627655506134,
        "b": 0.18039216101169586,
        "a": 1.0
      },
      "bodyColors": [
        {
          "r": 0.7921568751335144,
          "g": 0.6549019813537598,
          "b": 0.5843137502670288,
          "a": 1.0
        },
        {
          "r": 0.8196078538894653,
          "g": 0.7882353067398071,
          "b": 0.7450980544090271,
          "a": 1.0
        },
        {
          "r": 0.47843137383461,
          "g": 0.5490196347236633,
          "b": 0.3294117748737335,
          "a": 1.0
        },
        {
          "r": 0.3294117748737335,
          "g": 0.3294117748737335,
          "b": 0.20392157137393951,
          "a": 1.0
        }
      ],
      "instanceId": 10003
    },
    {
      "crowdTypeID": 420,
      "animConfigID": 1,
      "spawnPosition": {
        "x": -1672.5069580078125,
        "y": 52.662960052490234,
        "z": 8360.263671875
      },
      "spawnFaceFwd": {
        "x": -0.9962223172187805,
        "z": -0.08683931827545166
      },
      "hairColor": {
        "r": 0.8392156958580017,
        "g": 0.8392156958580017,
        "b": 0.8392156958580017,
        "a": 1.0
      },
      "bodyColors": [
        {
          "r": 0.7921568751335144,
          "g": 0.6549019813537598,
          "b": 0.5843137502670288,
          "a": 1.0
        },
        {
          "r": 0.6901960968971252,
          "g": 0.7098039388656616,
          "b": 0.686274528503418,
          "a": 1.0
        },
        {
          "r": 0.47058823704719543,
          "g": 0.5960784554481506,
          "b": 0.40392157435417175,
          "a": 1.0
        },
        {
          "r": 0.2705882489681244,
          "g": 0.32549020648002625,
          "b": 0.33725491166114807,
          "a": 1.0
        }
      ],
      "instanceId": 10004
    },
    {
      "crowdTypeID": 449,
      "animConfigID": 1,
      "spawnPosition": {
        "x": -1677.6710205078125,
        "y": 52.64421844482422,
        "z": 8336.751953125
      },
      "spawnFaceFwd": {
        "x": -0.9184408187866211,
        "z": -0.3955584764480591
      },
      "hairColor": {
        "r": 0.5215686559677124,
        "g": 0.40392157435417175,
        "b": 0.2549019753932953,
        "a": 1.0
      },
      "bodyColors": [
        {
          "r": 0.9058823585510254,
          "g": 0.7882353067398071,
          "b": 0.7333333492279053,
          "a": 1.0
        },
        {
          "r": 0.6901960968971252,
          "g": 0.7098039388656616,
          "b": 0.686274528503418,
          "a": 1.0
        },
        {
          "r": 0.47058823704719543,
          "g": 0.5960784554481506,
          "b": 0.40392157435417175,
          "a": 1.0
        },
        {
          "r": 0.2705882489681244,
          "g": 0.32549020648002625,
          "b": 0.33725491166114807,
          "a": 1.0
        }
      ],
      "instanceId": 10005
    },
    {
      "crowdTypeID": 456,
      "animConfigID": 3,
      "spawnPosition": {
        "x": -1663.154052734375,
        "y": 52.60279846191406,
        "z": 8347.52734375
      },
      "spawnFaceFwd": {
        "x": -0.9920209646224976,
        "z": -0.12607264518737793
      },
      "hairColor": {
        "r": 0.4274509847164154,
        "g": 0.37254902720451355,
        "b": 0.3019607961177826,
        "a": 1.0
      },
      "bodyColors": [
        {
          "r": 0.9333333373069763,
          "g": 0.8666666746139526,
          "b": 0.843137264251709,
          "a": 1.0
        },
        {
          "r": 0.2705882489681244,
          "g": 0.32549020648002625,
          "b": 0.33725491166114807,
          "a": 1.0
        },
        {
          "r": 0.47058823704719543,
          "g": 0.5960784554481506,
          "b": 0.40392157435417175,
          "a": 1.0
        },
        {
          "r": 0.6901960968971252,
          "g": 0.7098039388656616,
          "b": 0.686274528503418,
          "a": 1.0
        }
      ],
      "instanceId": 10006
    }
  ]
}