{
  "crowdSpawnInfos": [
    {
      "crowdTypeID": 411,
      "animConfigID": 2,
      "spawnPosition": {
        "x": -2746.719970703125,
        "y": 193.99530029296875,
        "z": 9177.94140625
      },
      "spawnFaceFwd": {
        "x": 0.8067818284034729,
        "z": 0.5908494591712952
      },
      "hairColor": {
        "r": 0.5215686559677124,
        "g": 0.40392157435417175,
        "b": 0.2549019753932953,
        "a": 1.0
      },
      "bodyColors": [
        {
          "r": 0.7921568751335144,
          "g": 0.6549019813537598,
          "b": 0.5843137502670288,
          "a": 1.0
        },
        {
          "r": 0.6313725709915161,
          "g": 0.7686274647712708,
          "b": 0.7372549176216125,
          "a": 1.0
        },
        {
          "r": 0.2980392277240753,
          "g": 0.4901960790157318,
          "b": 0.5803921818733215,
          "a": 1.0
        },
        {
          "r": 0.21176470816135406,
          "g": 0.32549020648002625,
          "b": 0.3803921639919281,
          "a": 1.0
        }
      ],
      "instanceId": 140001
    },
    {
      "crowdTypeID": 425,
      "animConfigID": 1,
      "spawnPosition": {
        "x": -2745.739013671875,
        "y": 194.01669311523438,
        "z": 9178.6962890625
      },
      "spawnFaceFwd": {
        "x": -0.6912935972213745,
        "z": -0.7225738763809204
      },
      "hairColor": {
        "r": 0.32156863808631897,
        "g": 0.21568627655506134,
        "b": 0.18039216101169586,
        "a": 1.0
      },
      "bodyColors": [
        {
          "r": 0.9058823585510254,
          "g": 0.7882353067398071,
          "b": 0.7333333492279053,
          "a": 1.0
        },
        {
          "r": 0.5215686559677124,
          "g": 0.6784313917160034,
          "b": 0.7882353067398071,
          "a": 1.0
        },
        {
          "r": 0.8941176533699036,
          "g": 0.8941176533699036,
          "b": 0.8941176533699036,
          "a": 1.0
        },
        {
          "r": 0.27843138575553894,
          "g": 0.38823530077934265,
          "b": 0.501960813999176,
          "a": 1.0
        }
      ],
      "instanceId": 140002
    },
    {
      "crowdTypeID": 440,
      "animConfigID": 3,
      "spawnPosition": {
        "x": -2734.10498046875,
        "y": 193.0959014892578,
        "z": 9174.31640625
      },
      "spawnFaceFwd": {
        "x": -0.7697605490684509,
        "z": -0.638332724571228
      },
      "hairColor": {
        "r": 0.8392156958580017,
        "g": 0.8392156958580017,
        "b": 0.8392156958580017,
        "a": 1.0
      },
      "bodyColors": [
        {
          "r": 0.9058823585510254,
          "g": 0.7882353067398071,
          "b": 0.7333333492279053,
          "a": 1.0
        },
        {
          "r": 0.9137254953384399,
          "g": 0.9607843160629272,
          "b": 0.9411764740943909,
          "a": 1.0
        },
        {
          "r": 0.3019607961177826,
          "g": 0.5254902243614197,
          "b": 0.5490196347236633,
          "a": 1.0
        },
        {
          "r": 0.22745098173618317,
          "g": 0.3333333432674408,
          "b": 0.38823530077934265,
          "a": 1.0
        }
      ],
      "instanceId": 140003
    },
    {
      "crowdTypeID": 413,
      "animConfigID": 1,
      "spawnPosition": {
        "x": -2736.7900390625,
        "y": 193.36000061035156,
        "z": 9176.568359375
      },
      "spawnFaceFwd": {
        "x": -0.5086010098457336,
        "z": -0.8610023260116577
      },
      "hairColor": {
        "r": 0.5215686559677124,
        "g": 0.40392157435417175,
        "b": 0.2549019753932953,
        "a": 1.0
      },
      "bodyColors": [
        {
          "r": 1.0,
          "g": 1.0,
          "b": 1.0,
          "a": 1.0
        },
        {
          "r": 0.6313725709915161,
          "g": 0.7686274647712708,
          "b": 0.7372549176216125,
          "a": 1.0
        },
        {
          "r": 0.2980392277240753,
          "g": 0.4901960790157318,
          "b": 0.5803921818733215,
          "a": 1.0
        },
        {
          "r": 0.21176470816135406,
          "g": 0.32549020648002625,
          "b": 0.3803921639919281,
          "a": 1.0
        }
      ],
      "instanceId": 140004
    },
    {
      "crowdTypeID": 425,
      "animConfigID": 4,
      "spawnPosition": {
        "x": -2743.79296875,
        "y": 192.8800048828125,
        "z": 9174.8935546875
      },
      "spawnFaceFwd": {
        "x": 0.08887698501348495,
        "z": -0.9960424900054932
      },
      "hairColor": {
        "r": 0.29019609093666077,
        "g": 0.3176470696926117,
        "b": 0.3529411852359772,
        "a": 1.0
      },
      "bodyColors": [
        {
          "r": 0.9058823585510254,
          "g": 0.7882353067398071,
          "b": 0.7333333492279053,
          "a": 1.0
        },
        {
          "r": 0.22745098173618317,
          "g": 0.3333333432674408,
          "b": 0.38823530077934265,
          "a": 1.0
        },
        {
          "r": 0.9137254953384399,
          "g": 0.9607843160629272,
          "b": 0.9411764740943909,
          "a": 1.0
        },
        {
          "r": 0.3019607961177826,
          "g": 0.5254902243614197,
          "b": 0.5490196347236633,
          "a": 1.0
        }
      ],
      "instanceId": 140005
    },
    {
      "crowdTypeID": 418,
      "animConfigID": 2,
      "spawnPosition": {
        "x": -2751.66796875,
        "y": 194.56919860839844,
        "z": 9177.35546875
      },
      "spawnFaceFwd": {
        "x": -0.3526240587234497,
        "z": -0.9357649087905884
      },
      "hairColor": {
        "r": 0.5215686559677124,
        "g": 0.40392157435417175,
        "b": 0.2549019753932953,
        "a": 1.0
      },
      "bodyColors": [
        {
          "r": 0.9058823585510254,
          "g": 0.7882353067398071,
          "b": 0.7333333492279053,
          "a": 1.0
        },
        {
          "r": 0.6313725709915161,
          "g": 0.7686274647712708,
          "b": 0.7372549176216125,
          "a": 1.0
        },
        {
          "r": 0.2980392277240753,
          "g": 0.4901960790157318,
          "b": 0.5803921818733215,
          "a": 1.0
        },
        {
          "r": 0.21176470816135406,
          "g": 0.32549020648002625,
          "b": 0.3803921639919281,
          "a": 1.0
        }
      ],
      "instanceId": 140006
    },
    {
      "crowdTypeID": 402,
      "animConfigID": 1,
      "spawnPosition": {
        "x": -2751.968017578125,
        "y": 194.49110412597656,
        "z": 9176.1162109375
      },
      "spawnFaceFwd": {
        "x": 0.06185232475399971,
        "z": 0.9980853199958801
      },
      "hairColor": {
        "r": 0.8392156958580017,
        "g": 0.8392156958580017,
        "b": 0.8392156958580017,
        "a": 1.0
      },
      "bodyColors": [
        {
          "r": 0.9058823585510254,
          "g": 0.7882353067398071,
          "b": 0.7333333492279053,
          "a": 1.0
        },
        {
          "r": 0.6313725709915161,
          "g": 0.7686274647712708,
          "b": 0.7372549176216125,
          "a": 1.0
        },
        {
          "r": 0.2980392277240753,
          "g": 0.4901960790157318,
          "b": 0.5803921818733215,
          "a": 1.0
        },
        {
          "r": 0.21176470816135406,
          "g": 0.32549020648002625,
          "b": 0.3803921639919281,
          "a": 1.0
        }
      ],
      "instanceId": 140007
    },
    {
      "crowdTypeID": 426,
      "animConfigID": 3,
      "spawnPosition": {
        "x": -2745.450927734375,
        "y": 193.068603515625,
        "z": 9170.7431640625
      },
      "spawnFaceFwd": {
        "x": -0.8360393643379211,
        "z": 0.5486694574356079
      },
      "hairColor": {
        "r": 0.8392156958580017,
        "g": 0.8392156958580017,
        "b": 0.8392156958580017,
        "a": 1.0
      },
      "bodyColors": [
        {
          "r": 0.9058823585510254,
          "g": 0.7882353067398071,
          "b": 0.7333333492279053,
          "a": 1.0
        },
        {
          "r": 0.3019607961177826,
          "g": 0.5254902243614197,
          "b": 0.5490196347236633,
          "a": 1.0
        },
        {
          "r": 0.9137254953384399,
          "g": 0.9607843160629272,
          "b": 0.9411764740943909,
          "a": 1.0
        },
        {
          "r": 0.22745098173618317,
          "g": 0.3333333432674408,
          "b": 0.38823530077934265,
          "a": 1.0
        }
      ],
      "instanceId": 140008
    }
  ]
}