{
    "crowdSpawnInfos": [
        {
            "crowdTypeID": 336,
            "animConfigID": 1,
            "spawnPosition": {
                "x": 3618.5849609375,
                "y": 446.177001953125,
                "z": 4469.02783203125
            },
            "spawnFaceFwd": {
                "x": 0.9993359446525574,
                "z": -0.03643786907196045
            },
            "hairColor": {
                "r": 0.5215686559677124,
                "g": 0.40392157435417175,
                "b": 0.2549019753932953,
                "a": 1.0
            },
            "bodyColors": [
                {
                    "r": 1.0,
                    "g": 0.9137254953384399,
                    "b": 0.8627451062202454,
                    "a": 1.0
                },
                {
                    "r": 0.8549019694328308,
                    "g": 0.800000011920929,
                    "b": 0.7686274647712708,
                    "a": 1.0
                },
                {
                    "r": 0.3176470696926117,
                    "g": 0.23529411852359772,
                    "b": 0.3176470696926117,
                    "a": 1.0
                },
                {
                    "r": 0.6000000238418579,
                    "g": 0.5686274766921997,
                    "b": 0.658823549747467,
                    "a": 1.0
                }
            ],
            "instanceId": 60001
        },
        {
            "crowdTypeID": 366,
            "spawnPosition": {
                "x": 3619.280029296875,
                "y": 446.177001953125,
                "z": 4469.72900390625
            },
            "spawnFaceFwd": {
                "x": 0.8749411106109619,
                "z": -0.4842292070388794
            },
            "hairColor": {
                "r": 0.5215686559677124,
                "g": 0.40392157435417175,
                "b": 0.2549019753932953,
                "a": 1.0
            },
            "bodyColors": [
                {
                    "r": 1.0,
                    "g": 0.9137254953384399,
                    "b": 0.8627451062202454,
                    "a": 1.0
                },
                {
                    "r": 0.3176470696926117,
                    "g": 0.23529411852359772,
                    "b": 0.3176470696926117,
                    "a": 1.0
                },
                {
                    "r": 0.8549019694328308,
                    "g": 0.800000011920929,
                    "b": 0.7686274647712708,
                    "a": 1.0
                },
                {
                    "r": 0.6000000238418579,
                    "g": 0.5686274766921997,
                    "b": 0.658823549747467,
                    "a": 1.0
                }
            ],
            "instanceId": 60002
        },
        {
            "crowdTypeID": 344,
            "animConfigID": 3,
            "spawnPosition": {
                "x": 3608.2060546875,
                "y": 446.2030029296875,
                "z": 4480.205078125
            },
            "spawnFaceFwd": {
                "x": 0.9407275319099426,
                "z": -0.33916306495666504
            },
            "sitOnChair": true,
            "hairColor": {
                "r": 0.4274509847164154,
                "g": 0.37254902720451355,
                "b": 0.3019607961177826,
                "a": 1.0
            },
            "bodyColors": [
                {
                    "r": 0.9843137264251709,
                    "g": 0.8941176533699036,
                    "b": 0.8549019694328308,
                    "a": 1.0
                },
                {
                    "r": 0.8117647171020508,
                    "g": 0.7176470756530762,
                    "b": 0.5568627715110779,
                    "a": 1.0
                },
                {
                    "r": 0.9450980424880981,
                    "g": 0.9333333373069763,
                    "b": 0.9372549057006836,
                    "a": 1.0
                },
                {
                    "r": 0.42352941632270813,
                    "g": 0.2666666805744171,
                    "b": 0.21960784494876862,
                    "a": 1.0
                }
            ],
            "instanceId": 60003
        },
        {
            "crowdTypeID": 332,
            "animConfigID": 3,
            "spawnPosition": {
                "x": 3609.572021484375,
                "y": 446.1673889160156,
                "z": 4479.7890625
            },
            "spawnFaceFwd": {
                "x": -0.9315249919891357,
                "z": 0.3636772632598877
            },
            "hairColor": {
                "r": 0.3960784375667572,
                "g": 0.27843138575553894,
                "b": 0.1882352977991104,
                "a": 1.0
            },
            "bodyColors": [
                {
                    "r": 1.0,
                    "g": 0.9137254953384399,
                    "b": 0.8627451062202454,
                    "a": 1.0
                },
                {
                    "r": 0.8980392217636108,
                    "g": 0.8980392217636108,
                    "b": 0.8313725590705872,
                    "a": 1.0
                },
                {
                    "r": 0.11764705926179886,
                    "g": 0.29019609093666077,
                    "b": 0.2823529541492462,
                    "a": 1.0
                },
                {
                    "r": 0.6352941393852234,
                    "g": 0.6039215922355652,
                    "b": 0.4901960790157318,
                    "a": 1.0
                }
            ],
            "instanceId": 60004
        },
        {
            "crowdTypeID": 350,
            "animConfigID": 3,
            "spawnPosition": {
                "x": 3569.5859375,
                "y": 445.89459228515625,
                "z": 4447.7529296875
            },
            "spawnFaceFwd": {
                "x": 0.9918117523193359,
                "z": 0.12770897150039673
            },
            "hairColor": {
                "r": 0.4274509847164154,
                "g": 0.37254902720451355,
                "b": 0.3019607961177826,
                "a": 1.0
            },
            "bodyColors": [
                {
                    "r": 1.0,
                    "g": 0.9137254953384399,
                    "b": 0.8627451062202454,
                    "a": 1.0
                },
                {
                    "r": 0.8549019694328308,
                    "g": 0.800000011920929,
                    "b": 0.7686274647712708,
                    "a": 1.0
                },
                {
                    "r": 0.6000000238418579,
                    "g": 0.5686274766921997,
                    "b": 0.658823549747467,
                    "a": 1.0
                },
                {
                    "r": 0.3176470696926117,
                    "g": 0.23529411852359772,
                    "b": 0.3176470696926117,
                    "a": 1.0
                }
            ],
            "instanceId": 60005
        },
        {
            "crowdTypeID": 343,
            "animConfigID": 2,
            "spawnPosition": {
                "x": 3570.97900390625,
                "y": 445.89459228515625,
                "z": 4447.958984375
            },
            "spawnFaceFwd": {
                "x": -0.9897300601005554,
                "z": -0.14294886589050293
            },
            "hairColor": {
                "r": 0.3960784375667572,
                "g": 0.27843138575553894,
                "b": 0.1882352977991104,
                "a": 1.0
            },
            "bodyColors": [
                {
                    "r": 0.9843137264251709,
                    "g": 0.8941176533699036,
                    "b": 0.8549019694328308,
                    "a": 1.0
                },
                {
                    "r": 0.4901960790157318,
                    "g": 0.6000000238418579,
                    "b": 0.6000000238418579,
                    "a": 1.0
                },
                {
                    "r": 0.9019607901573181,
                    "g": 0.8549019694328308,
                    "b": 0.8274509906768799,
                    "a": 1.0
                },
                {
                    "r": 0.34117648005485535,
                    "g": 0.4431372582912445,
                    "b": 0.5686274766921997,
                    "a": 1.0
                }
            ],
            "instanceId": 60006
        },
        {
            "crowdTypeID": 353,
            "spawnPosition": {
                "x": 3597.444091796875,
                "y": 445.89459228515625,
                "z": 4461.158203125
            },
            "spawnFaceFwd": {
                "x": 0.4516206383705139,
                "z": 0.892210066318512
            },
            "hairColor": {
                "r": 0.3960784375667572,
                "g": 0.27843138575553894,
                "b": 0.1882352977991104,
                "a": 1.0
            },
            "bodyColors": [
                {
                    "r": 1.0,
                    "g": 1.0,
                    "b": 1.0,
                    "a": 1.0
                },
                {
                    "r": 1.0,
                    "g": 1.0,
                    "b": 1.0,
                    "a": 1.0
                },
                {
                    "r": 1.0,
                    "g": 1.0,
                    "b": 1.0,
                    "a": 1.0
                },
                {
                    "r": 1.0,
                    "g": 1.0,
                    "b": 1.0,
                    "a": 1.0
                }
            ],
            "instanceId": 60007
        },
        {
            "crowdTypeID": 362,
            "animConfigID": 1,
            "spawnPosition": {
                "x": 3598.18505859375,
                "y": 445.89459228515625,
                "z": 4462.64892578125
            },
            "spawnFaceFwd": {
                "x": -0.4439142644405365,
                "z": -0.8960692882537842
            },
            "hairColor": {
                "r": 0.4274509847164154,
                "g": 0.37254902720451355,
                "b": 0.3019607961177826,
                "a": 1.0
            },
            "bodyColors": [
                {
                    "r": 1.0,
                    "g": 1.0,
                    "b": 1.0,
                    "a": 1.0
                },
                {
                    "r": 1.0,
                    "g": 1.0,
                    "b": 1.0,
                    "a": 1.0
                },
                {
                    "r": 1.0,
                    "g": 1.0,
                    "b": 1.0,
                    "a": 1.0
                },
                {
                    "r": 1.0,
                    "g": 1.0,
                    "b": 1.0,
                    "a": 1.0
                }
            ],
            "instanceId": 60008
        },
        {
            "crowdTypeID": 334,
            "animConfigID": 4,
            "spawnPosition": {
                "x": 3640.867919921875,
                "y": 450.63018798828125,
                "z": 4527.11279296875
            },
            "spawnFaceFwd": {
                "x": -0.1748204380273819,
                "z": -0.984600305557251
            },
            "hairColor": {
                "r": 0.5215686559677124,
                "g": 0.40392157435417175,
                "b": 0.2549019753932953,
                "a": 1.0
            },
            "bodyColors": [
                {
                    "r": 1.0,
                    "g": 0.9137254953384399,
                    "b": 0.8627451062202454,
                    "a": 1.0
                },
                {
                    "r": 0.4901960790157318,
                    "g": 0.6000000238418579,
                    "b": 0.6000000238418579,
                    "a": 1.0
                },
                {
                    "r": 0.34117648005485535,
                    "g": 0.4431372582912445,
                    "b": 0.5686274766921997,
                    "a": 1.0
                },
                {
                    "r": 0.9019607901573181,
                    "g": 0.8549019694328308,
                    "b": 0.8274509906768799,
                    "a": 1.0
                }
            ],
            "instanceId": 60009
        }
    ]
}