{
    "crowdSpawnInfos": [
        {
            "crowdTypeID": 351,
            "animConfigID": 4,
            "spawnPosition": {
                "x": 3795.49609375,
                "y": 491.2088928222656,
                "z": 3778.6708984375
            },
            "spawnFaceFwd": {
                "x": 0.8717342615127563,
                "z": -0.4899789094924927
            },
            "hairColor": {
                "r": 0.4274509847164154,
                "g": 0.37254902720451355,
                "b": 0.3019607961177826,
                "a": 1.0
            },
            "bodyColors": [
                {
                    "r": 1.0,
                    "g": 0.9137254953384399,
                    "b": 0.8627451062202454,
                    "a": 1.0
                },
                {
                    "r": 0.9450980424880981,
                    "g": 0.9333333373069763,
                    "b": 0.9372549057006836,
                    "a": 1.0
                },
                {
                    "r": 0.42352941632270813,
                    "g": 0.2666666805744171,
                    "b": 0.21960784494876862,
                    "a": 1.0
                },
                {
                    "r": 0.8117647171020508,
                    "g": 0.7176470756530762,
                    "b": 0.5568627715110779,
                    "a": 1.0
                }
            ],
            "instanceId": 10001
        },
        {
            "crowdTypeID": 350,
            "animConfigID": 1,
            "spawnPosition": {
                "x": 3796.2451171875,
                "y": 491.2088928222656,
                "z": 3779.4951171875
            },
            "spawnFaceFwd": {
                "x": 0.43389180302619934,
                "z": -0.9009650945663452
            },
            "hairColor": {
                "r": 0.5215686559677124,
                "g": 0.40392157435417175,
                "b": 0.2549019753932953,
                "a": 1.0
            },
            "bodyColors": [
                {
                    "r": 1.0,
                    "g": 0.9137254953384399,
                    "b": 0.8627451062202454,
                    "a": 1.0
                },
                {
                    "r": 0.9019607901573181,
                    "g": 0.8549019694328308,
                    "b": 0.8274509906768799,
                    "a": 1.0
                },
                {
                    "r": 0.34117648005485535,
                    "g": 0.4431372582912445,
                    "b": 0.5686274766921997,
                    "a": 1.0
                },
                {
                    "r": 0.4901960790157318,
                    "g": 0.6000000238418579,
                    "b": 0.6000000238418579,
                    "a": 1.0
                }
            ],
            "instanceId": 10002
        },
        {
            "crowdTypeID": 326,
            "animConfigID": 1,
            "spawnPosition": {
                "x": 3773.181884765625,
                "y": 485.0953063964844,
                "z": 3747.580078125
            },
            "spawnFaceFwd": {
                "x": -0.2326769232749939,
                "z": 0.972554087638855
            },
            "hairColor": {
                "r": 0.4274509847164154,
                "g": 0.37254902720451355,
                "b": 0.3019607961177826,
                "a": 1.0
            },
            "bodyColors": [
                {
                    "r": 1.0,
                    "g": 0.9137254953384399,
                    "b": 0.8627451062202454,
                    "a": 1.0
                },
                {
                    "r": 0.42352941632270813,
                    "g": 0.2666666805744171,
                    "b": 0.21960784494876862,
                    "a": 1.0
                },
                {
                    "r": 0.9450980424880981,
                    "g": 0.9333333373069763,
                    "b": 0.9372549057006836,
                    "a": 1.0
                },
                {
                    "r": 0.8117647171020508,
                    "g": 0.7176470756530762,
                    "b": 0.5568627715110779,
                    "a": 1.0
                }
            ],
            "instanceId": 10003
        },
        {
            "crowdTypeID": 327,
            "animConfigID": 1,
            "spawnPosition": {
                "x": 3773.001953125,
                "y": 485.0953063964844,
                "z": 3748.533935546875
            },
            "spawnFaceFwd": {
                "x": 0.23653310537338257,
                "z": -0.971623420715332
            },
            "hairColor": {
                "r": 0.3960784375667572,
                "g": 0.27843138575553894,
                "b": 0.1882352977991104,
                "a": 1.0
            },
            "bodyColors": [
                {
                    "r": 1.0,
                    "g": 0.9137254953384399,
                    "b": 0.8627451062202454,
                    "a": 1.0
                },
                {
                    "r": 0.34117648005485535,
                    "g": 0.4431372582912445,
                    "b": 0.5686274766921997,
                    "a": 1.0
                },
                {
                    "r": 0.9019607901573181,
                    "g": 0.8549019694328308,
                    "b": 0.8274509906768799,
                    "a": 1.0
                },
                {
                    "r": 0.4901960790157318,
                    "g": 0.6000000238418579,
                    "b": 0.6000000238418579,
                    "a": 1.0
                }
            ],
            "instanceId": 10004
        },
        {
            "crowdTypeID": 342,
            "animConfigID": 4,
            "spawnPosition": {
                "x": 3777.7080078125,
                "y": 485.0953063964844,
                "z": 3750.219970703125
            },
            "spawnFaceFwd": {
                "x": -0.9160662889480591,
                "z": -0.4010270833969116
            },
            "hairColor": {
                "r": 0.3960784375667572,
                "g": 0.27843138575553894,
                "b": 0.1882352977991104,
                "a": 1.0
            },
            "bodyColors": [
                {
                    "r": 0.9843137264251709,
                    "g": 0.8941176533699036,
                    "b": 0.8549019694328308,
                    "a": 1.0
                },
                {
                    "r": 0.4901960790157318,
                    "g": 0.6000000238418579,
                    "b": 0.6000000238418579,
                    "a": 1.0
                },
                {
                    "r": 0.34117648005485535,
                    "g": 0.4431372582912445,
                    "b": 0.5686274766921997,
                    "a": 1.0
                },
                {
                    "r": 0.9019607901573181,
                    "g": 0.8549019694328308,
                    "b": 0.8274509906768799,
                    "a": 1.0
                }
            ],
            "instanceId": 10005
        },
        {
            "crowdTypeID": 336,
            "animConfigID": 4,
            "spawnPosition": {
                "x": 3755.98193359375,
                "y": 479.01348876953125,
                "z": 3702.698974609375
            },
            "spawnFaceFwd": {
                "x": -0.9338790774345398,
                "z": 0.3575890064239502
            },
            "hairColor": {
                "r": 0.5215686559677124,
                "g": 0.40392157435417175,
                "b": 0.2549019753932953,
                "a": 1.0
            },
            "bodyColors": [
                {
                    "r": 1.0,
                    "g": 0.9137254953384399,
                    "b": 0.8627451062202454,
                    "a": 1.0
                },
                {
                    "r": 0.8980392217636108,
                    "g": 0.8980392217636108,
                    "b": 0.8313725590705872,
                    "a": 1.0
                },
                {
                    "r": 0.11764705926179886,
                    "g": 0.29019609093666077,
                    "b": 0.2823529541492462,
                    "a": 1.0
                },
                {
                    "r": 0.6352941393852234,
                    "g": 0.6039215922355652,
                    "b": 0.4901960790157318,
                    "a": 1.0
                }
            ],
            "instanceId": 10006
        },
        {
            "crowdTypeID": 349,
            "animConfigID": 1,
            "spawnPosition": {
                "x": 3731.02392578125,
                "y": 479.44189453125,
                "z": 3685.034912109375
            },
            "spawnFaceFwd": {
                "x": -0.8541659116744995,
                "z": 0.5200005769729614
            },
            "hairColor": {
                "r": 0.5215686559677124,
                "g": 0.40392157435417175,
                "b": 0.2549019753932953,
                "a": 1.0
            },
            "bodyColors": [
                {
                    "r": 1.0,
                    "g": 0.9137254953384399,
                    "b": 0.8627451062202454,
                    "a": 1.0
                },
                {
                    "r": 0.8549019694328308,
                    "g": 0.800000011920929,
                    "b": 0.7686274647712708,
                    "a": 1.0
                },
                {
                    "r": 0.3176470696926117,
                    "g": 0.23529411852359772,
                    "b": 0.3176470696926117,
                    "a": 1.0
                },
                {
                    "r": 0.6000000238418579,
                    "g": 0.5686274766921997,
                    "b": 0.658823549747467,
                    "a": 1.0
                }
            ],
            "instanceId": 10007
        },
        {
            "crowdTypeID": 341,
            "spawnPosition": {
                "x": 3731.208984375,
                "y": 479.44189453125,
                "z": 3686.152099609375
            },
            "spawnFaceFwd": {
                "x": -0.9927327036857605,
                "z": 0.12033987045288086
            },
            "hairColor": {
                "r": 0.4274509847164154,
                "g": 0.37254902720451355,
                "b": 0.3019607961177826,
                "a": 1.0
            },
            "bodyColors": [
                {
                    "r": 0.9843137264251709,
                    "g": 0.8941176533699036,
                    "b": 0.8549019694328308,
                    "a": 1.0
                },
                {
                    "r": 0.3176470696926117,
                    "g": 0.23529411852359772,
                    "b": 0.3176470696926117,
                    "a": 1.0
                },
                {
                    "r": 0.6000000238418579,
                    "g": 0.5686274766921997,
                    "b": 0.658823549747467,
                    "a": 1.0
                },
                {
                    "r": 0.8549019694328308,
                    "g": 0.800000011920929,
                    "b": 0.7686274647712708,
                    "a": 1.0
                }
            ],
            "instanceId": 10008
        },
        {
            "crowdTypeID": 356,
            "spawnPosition": {
                "x": 3738.010009765625,
                "y": 479.44189453125,
                "z": 3669.153076171875
            },
            "spawnFaceFwd": {
                "x": 0.5832843780517578,
                "z": 0.8122680187225342
            },
            "hairColor": {
                "r": 0.32156863808631897,
                "g": 0.21568627655506134,
                "b": 0.18039216101169586,
                "a": 1.0
            },
            "bodyColors": [
                {
                    "r": 1.0,
                    "g": 1.0,
                    "b": 1.0,
                    "a": 1.0
                },
                {
                    "r": 1.0,
                    "g": 1.0,
                    "b": 1.0,
                    "a": 1.0
                },
                {
                    "r": 1.0,
                    "g": 1.0,
                    "b": 1.0,
                    "a": 1.0
                },
                {
                    "r": 1.0,
                    "g": 1.0,
                    "b": 1.0,
                    "a": 1.0
                }
            ],
            "instanceId": 10009
        },
        {
            "crowdTypeID": 352,
            "animConfigID": 3,
            "spawnPosition": {
                "x": 3764.219970703125,
                "y": 479.0107116699219,
                "z": 3713.548095703125
            },
            "spawnFaceFwd": {
                "x": 0.9873132109642029,
                "z": -0.1587846279144287
            },
            "hairColor": {
                "r": 0.32156863808631897,
                "g": 0.21568627655506134,
                "b": 0.18039216101169586,
                "a": 1.0
            },
            "bodyColors": [
                {
                    "r": 1.0,
                    "g": 1.0,
                    "b": 1.0,
                    "a": 1.0
                },
                {
                    "r": 1.0,
                    "g": 1.0,
                    "b": 1.0,
                    "a": 1.0
                },
                {
                    "r": 1.0,
                    "g": 1.0,
                    "b": 1.0,
                    "a": 1.0
                },
                {
                    "r": 1.0,
                    "g": 1.0,
                    "b": 1.0,
                    "a": 1.0
                }
            ],
            "instanceId": 10010
        },
        {
            "crowdTypeID": 362,
            "spawnPosition": {
                "x": 3764.64111328125,
                "y": 479.0107116699219,
                "z": 3714.714111328125
            },
            "spawnFaceFwd": {
                "x": 0.8757132291793823,
                "z": -0.4828314781188965
            },
            "hairColor": {
                "r": 0.3960784375667572,
                "g": 0.27843138575553894,
                "b": 0.1882352977991104,
                "a": 1.0
            },
            "bodyColors": [
                {
                    "r": 1.0,
                    "g": 1.0,
                    "b": 1.0,
                    "a": 1.0
                },
                {
                    "r": 1.0,
                    "g": 1.0,
                    "b": 1.0,
                    "a": 1.0
                },
                {
                    "r": 1.0,
                    "g": 1.0,
                    "b": 1.0,
                    "a": 1.0
                },
                {
                    "r": 1.0,
                    "g": 1.0,
                    "b": 1.0,
                    "a": 1.0
                }
            ],
            "instanceId": 10011
        },
        {
            "crowdTypeID": 329,
            "spawnPosition": {
                "x": 3726.29296875,
                "y": 479.0107116699219,
                "z": 3662.883056640625
            },
            "spawnFaceFwd": {
                "x": -0.7270110249519348,
                "z": -0.6866258382797241
            },
            "hairColor": {
                "r": 0.8392156958580017,
                "g": 0.8392156958580017,
                "b": 0.8392156958580017,
                "a": 1.0
            },
            "bodyColors": [
                {
                    "r": 0.9843137264251709,
                    "g": 0.8941176533699036,
                    "b": 0.8549019694328308,
                    "a": 1.0
                },
                {
                    "r": 0.20392157137393951,
                    "g": 0.16470588743686676,
                    "b": 0.27450981736183167,
                    "a": 1.0
                },
                {
                    "r": 0.3137255012989044,
                    "g": 0.42352941632270813,
                    "b": 0.4627451002597809,
                    "a": 1.0
                },
                {
                    "r": 0.7647058963775635,
                    "g": 0.7568627595901489,
                    "b": 0.6784313917160034,
                    "a": 1.0
                }
            ],
            "instanceId": 10012
        },
        {
            "crowdTypeID": 332,
            "animConfigID": 1,
            "spawnPosition": {
                "x": 3706.845947265625,
                "y": 485.60931396484375,
                "z": 3636.85009765625
            },
            "spawnFaceFwd": {
                "x": 0.29011771082878113,
                "z": -0.9569910764694214
            },
            "hairColor": {
                "r": 0.3960784375667572,
                "g": 0.27843138575553894,
                "b": 0.1882352977991104,
                "a": 1.0
            },
            "bodyColors": [
                {
                    "r": 1.0,
                    "g": 0.9137254953384399,
                    "b": 0.8627451062202454,
                    "a": 1.0
                },
                {
                    "r": 0.9019607901573181,
                    "g": 0.8549019694328308,
                    "b": 0.8274509906768799,
                    "a": 1.0
                },
                {
                    "r": 0.34117648005485535,
                    "g": 0.4431372582912445,
                    "b": 0.5686274766921997,
                    "a": 1.0
                },
                {
                    "r": 0.4901960790157318,
                    "g": 0.6000000238418579,
                    "b": 0.6000000238418579,
                    "a": 1.0
                }
            ],
            "instanceId": 10013
        },
        {
            "crowdTypeID": 336,
            "animConfigID": 3,
            "spawnPosition": {
                "x": 3706.0439453125,
                "y": 485.60931396484375,
                "z": 3636.256103515625
            },
            "spawnFaceFwd": {
                "x": 0.6155514717102051,
                "z": -0.78809654712677
            },
            "hairColor": {
                "r": 0.4274509847164154,
                "g": 0.37254902720451355,
                "b": 0.3019607961177826,
                "a": 1.0
            },
            "bodyColors": [
                {
                    "r": 1.0,
                    "g": 0.9137254953384399,
                    "b": 0.8627451062202454,
                    "a": 1.0
                },
                {
                    "r": 0.8549019694328308,
                    "g": 0.800000011920929,
                    "b": 0.7686274647712708,
                    "a": 1.0
                },
                {
                    "r": 0.6000000238418579,
                    "g": 0.5686274766921997,
                    "b": 0.658823549747467,
                    "a": 1.0
                },
                {
                    "r": 0.3176470696926117,
                    "g": 0.23529411852359772,
                    "b": 0.3176470696926117,
                    "a": 1.0
                }
            ],
            "instanceId": 10014
        },
        {
            "crowdTypeID": 334,
            "animConfigID": 4,
            "spawnPosition": {
                "x": 3636.279052734375,
                "y": 475.28228759765625,
                "z": 3592.19091796875
            },
            "spawnFaceFwd": {
                "x": -0.7276257872581482,
                "z": 0.6859743595123291
            },
            "hairColor": {
                "r": 0.5215686559677124,
                "g": 0.40392157435417175,
                "b": 0.2549019753932953,
                "a": 1.0
            },
            "bodyColors": [
                {
                    "r": 1.0,
                    "g": 0.9137254953384399,
                    "b": 0.8627451062202454,
                    "a": 1.0
                },
                {
                    "r": 0.7647058963775635,
                    "g": 0.7568627595901489,
                    "b": 0.6784313917160034,
                    "a": 1.0
                },
                {
                    "r": 0.3137255012989044,
                    "g": 0.42352941632270813,
                    "b": 0.4627451002597809,
                    "a": 1.0
                },
                {
                    "r": 0.20392157137393951,
                    "g": 0.16470588743686676,
                    "b": 0.27450981736183167,
                    "a": 1.0
                }
            ],
            "instanceId": 10015
        },
        {
            "crowdTypeID": 351,
            "animConfigID": 1,
            "spawnPosition": {
                "x": 3577.9189453125,
                "y": 469.12091064453125,
                "z": 3572.946044921875
            },
            "spawnFaceFwd": {
                "x": 0.9280811548233032,
                "z": 0.372377872467041
            },
            "hairColor": {
                "r": 0.5215686559677124,
                "g": 0.40392157435417175,
                "b": 0.2549019753932953,
                "a": 1.0
            },
            "bodyColors": [
                {
                    "r": 1.0,
                    "g": 0.9137254953384399,
                    "b": 0.8627451062202454,
                    "a": 1.0
                },
                {
                    "r": 0.8666666746139526,
                    "g": 0.8627451062202454,
                    "b": 0.8588235378265381,
                    "a": 1.0
                },
                {
                    "r": 0.5568627715110779,
                    "g": 0.6352941393852234,
                    "b": 0.6745098233222961,
                    "a": 1.0
                },
                {
                    "r": 0.30588236451148987,
                    "g": 0.1568627506494522,
                    "b": 0.22745098173618317,
                    "a": 1.0
                }
            ],
            "instanceId": 10016
        },
        {
            "crowdTypeID": 326,
            "animConfigID": 1,
            "spawnPosition": {
                "x": 3579.10693359375,
                "y": 469.2287902832031,
                "z": 3573.368896484375
            },
            "spawnFaceFwd": {
                "x": -0.9357115626335144,
                "z": -0.35276615619659424
            },
            "hairColor": {
                "r": 0.5215686559677124,
                "g": 0.40392157435417175,
                "b": 0.2549019753932953,
                "a": 1.0
            },
            "bodyColors": [
                {
                    "r": 1.0,
                    "g": 0.9137254953384399,
                    "b": 0.8627451062202454,
                    "a": 1.0
                },
                {
                    "r": 0.30588236451148987,
                    "g": 0.1568627506494522,
                    "b": 0.22745098173618317,
                    "a": 1.0
                },
                {
                    "r": 0.8666666746139526,
                    "g": 0.8627451062202454,
                    "b": 0.8588235378265381,
                    "a": 1.0
                },
                {
                    "r": 0.5568627715110779,
                    "g": 0.6352941393852234,
                    "b": 0.6745098233222961,
                    "a": 1.0
                }
            ],
            "instanceId": 10017
        },
        {
            "crowdTypeID": 360,
            "spawnPosition": {
                "x": 3800.181884765625,
                "y": 494.0531005859375,
                "z": 3821.741943359375
            },
            "spawnFaceFwd": {
                "x": -0.32941070199012756,
                "z": 0.9441867470741272
            },
            "hairColor": {
                "r": 0.5215686559677124,
                "g": 0.40392157435417175,
                "b": 0.2549019753932953,
                "a": 1.0
            },
            "bodyColors": [
                {
                    "r": 1.0,
                    "g": 1.0,
                    "b": 1.0,
                    "a": 1.0
                },
                {
                    "r": 1.0,
                    "g": 1.0,
                    "b": 1.0,
                    "a": 1.0
                },
                {
                    "r": 1.0,
                    "g": 1.0,
                    "b": 1.0,
                    "a": 1.0
                },
                {
                    "r": 1.0,
                    "g": 1.0,
                    "b": 1.0,
                    "a": 1.0
                }
            ],
            "instanceId": 10020
        },
        {
            "crowdTypeID": 344,
            "animConfigID": 2,
            "spawnPosition": {
                "x": 3793.6650390625,
                "y": 494.0940856933594,
                "z": 3829.235107421875
            },
            "spawnFaceFwd": {
                "x": -0.9226343035697937,
                "z": 0.38567596673965454
            },
            "hairColor": {
                "r": 0.3960784375667572,
                "g": 0.27843138575553894,
                "b": 0.1882352977991104,
                "a": 1.0
            },
            "bodyColors": [
                {
                    "r": 0.9843137264251709,
                    "g": 0.8941176533699036,
                    "b": 0.8549019694328308,
                    "a": 1.0
                },
                {
                    "r": 0.6352941393852234,
                    "g": 0.6039215922355652,
                    "b": 0.4901960790157318,
                    "a": 1.0
                },
                {
                    "r": 0.8980392217636108,
                    "g": 0.8980392217636108,
                    "b": 0.8313725590705872,
                    "a": 1.0
                },
                {
                    "r": 0.11764705926179886,
                    "g": 0.29019609093666077,
                    "b": 0.2823529541492462,
                    "a": 1.0
                }
            ],
            "instanceId": 10021
        },
        {
            "crowdTypeID": 332,
            "animConfigID": 3,
            "spawnPosition": {
                "x": 3792.60107421875,
                "y": 494.0940856933594,
                "z": 3829.610107421875
            },
            "spawnFaceFwd": {
                "x": 0.8999401330947876,
                "z": -0.4360135793685913
            },
            "hairColor": {
                "r": 0.5215686559677124,
                "g": 0.40392157435417175,
                "b": 0.2549019753932953,
                "a": 1.0
            },
            "bodyColors": [
                {
                    "r": 1.0,
                    "g": 0.9137254953384399,
                    "b": 0.8627451062202454,
                    "a": 1.0
                },
                {
                    "r": 0.8666666746139526,
                    "g": 0.8627451062202454,
                    "b": 0.8588235378265381,
                    "a": 1.0
                },
                {
                    "r": 0.5568627715110779,
                    "g": 0.6352941393852234,
                    "b": 0.6745098233222961,
                    "a": 1.0
                },
                {
                    "r": 0.30588236451148987,
                    "g": 0.1568627506494522,
                    "b": 0.22745098173618317,
                    "a": 1.0
                }
            ],
            "instanceId": 10022
        },
        {
            "crowdTypeID": 330,
            "animConfigID": 1,
            "spawnPosition": {
                "x": 3677.029052734375,
                "y": 485.5282897949219,
                "z": 3612.31494140625
            },
            "spawnFaceFwd": {
                "x": 0.35776177048683167,
                "z": -0.9338129758834839
            },
            "hairColor": {
                "r": 0.8392156958580017,
                "g": 0.8392156958580017,
                "b": 0.8392156958580017,
                "a": 1.0
            },
            "bodyColors": [
                {
                    "r": 0.9843137264251709,
                    "g": 0.8941176533699036,
                    "b": 0.8549019694328308,
                    "a": 1.0
                },
                {
                    "r": 0.6352941393852234,
                    "g": 0.6039215922355652,
                    "b": 0.4901960790157318,
                    "a": 1.0
                },
                {
                    "r": 0.11764705926179886,
                    "g": 0.29019609093666077,
                    "b": 0.2823529541492462,
                    "a": 1.0
                },
                {
                    "r": 0.8980392217636108,
                    "g": 0.8980392217636108,
                    "b": 0.8313725590705872,
                    "a": 1.0
                }
            ],
            "instanceId": 10023
        },
        {
            "crowdTypeID": 366,
            "animConfigID": 2,
            "spawnPosition": {
                "x": 3677.60595703125,
                "y": 485.5282897949219,
                "z": 3611.2119140625
            },
            "spawnFaceFwd": {
                "x": -0.9839684963226318,
                "z": -0.17834210395812988
            },
            "hairColor": {
                "r": 0.5215686559677124,
                "g": 0.40392157435417175,
                "b": 0.2549019753932953,
                "a": 1.0
            },
            "bodyColors": [
                {
                    "r": 1.0,
                    "g": 0.9137254953384399,
                    "b": 0.8627451062202454,
                    "a": 1.0
                },
                {
                    "r": 0.11764705926179886,
                    "g": 0.29019609093666077,
                    "b": 0.2823529541492462,
                    "a": 1.0
                },
                {
                    "r": 0.8980392217636108,
                    "g": 0.8980392217636108,
                    "b": 0.8313725590705872,
                    "a": 1.0
                },
                {
                    "r": 0.6352941393852234,
                    "g": 0.6039215922355652,
                    "b": 0.4901960790157318,
                    "a": 1.0
                }
            ],
            "instanceId": 10024
        },
        {
            "crowdTypeID": 345,
            "animConfigID": 2,
            "spawnPosition": {
                "x": 3635.297119140625,
                "y": 475.1878967285156,
                "z": 3591.64599609375
            },
            "spawnFaceFwd": {
                "x": -0.2840556800365448,
                "z": 0.9588077664375305
            },
            "hairColor": {
                "r": 0.4274509847164154,
                "g": 0.37254902720451355,
                "b": 0.3019607961177826,
                "a": 1.0
            },
            "bodyColors": [
                {
                    "r": 0.9843137264251709,
                    "g": 0.8941176533699036,
                    "b": 0.8549019694328308,
                    "a": 1.0
                },
                {
                    "r": 0.8117647171020508,
                    "g": 0.7176470756530762,
                    "b": 0.5568627715110779,
                    "a": 1.0
                },
                {
                    "r": 0.9450980424880981,
                    "g": 0.9333333373069763,
                    "b": 0.9372549057006836,
                    "a": 1.0
                },
                {
                    "r": 0.42352941632270813,
                    "g": 0.2666666805744171,
                    "b": 0.21960784494876862,
                    "a": 1.0
                }
            ],
            "instanceId": 10025
        },
        {
            "crowdTypeID": 361,
            "spawnPosition": {
                "x": 3613.511962890625,
                "y": 472.5752868652344,
                "z": 3570.569091796875
            },
            "spawnFaceFwd": {
                "x": -0.036170996725559235,
                "z": 0.999345600605011
            },
            "hairColor": {
                "r": 0.32156863808631897,
                "g": 0.21568627655506134,
                "b": 0.18039216101169586,
                "a": 1.0
            },
            "bodyColors": [
                {
                    "r": 1.0,
                    "g": 1.0,
                    "b": 1.0,
                    "a": 1.0
                },
                {
                    "r": 1.0,
                    "g": 1.0,
                    "b": 1.0,
                    "a": 1.0
                },
                {
                    "r": 1.0,
                    "g": 1.0,
                    "b": 1.0,
                    "a": 1.0
                },
                {
                    "r": 1.0,
                    "g": 1.0,
                    "b": 1.0,
                    "a": 1.0
                }
            ],
            "instanceId": 10026
        },
        {
            "crowdTypeID": 328,
            "animConfigID": 1,
            "spawnPosition": {
                "x": 3613.51611328125,
                "y": 472.62640380859375,
                "z": 3571.93310546875
            },
            "spawnFaceFwd": {
                "x": -0.0214832853525877,
                "z": -0.9997692108154297
            },
            "hairColor": {
                "r": 0.8392156958580017,
                "g": 0.8392156958580017,
                "b": 0.8392156958580017,
                "a": 1.0
            },
            "bodyColors": [
                {
                    "r": 0.9843137264251709,
                    "g": 0.8941176533699036,
                    "b": 0.8549019694328308,
                    "a": 1.0
                },
                {
                    "r": 0.9019607901573181,
                    "g": 0.8549019694328308,
                    "b": 0.8274509906768799,
                    "a": 1.0
                },
                {
                    "r": 0.4901960790157318,
                    "g": 0.6000000238418579,
                    "b": 0.6000000238418579,
                    "a": 1.0
                },
                {
                    "r": 0.34117648005485535,
                    "g": 0.4431372582912445,
                    "b": 0.5686274766921997,
                    "a": 1.0
                }
            ],
            "instanceId": 10027
        },
        {
            "crowdTypeID": 334,
            "animConfigID": 2,
            "spawnPosition": {
                "x": 3787.906005859375,
                "y": 494.8002014160156,
                "z": 3868.15087890625
            },
            "spawnFaceFwd": {
                "x": 0.9999970197677612,
                "z": 0.0024445652961730957
            },
            "sitOnChair": true,
            "hairColor": {
                "r": 0.4274509847164154,
                "g": 0.37254902720451355,
                "b": 0.3019607961177826,
                "a": 1.0
            },
            "bodyColors": [
                {
                    "r": 1.0,
                    "g": 0.9137254953384399,
                    "b": 0.8627451062202454,
                    "a": 1.0
                },
                {
                    "r": 0.9450980424880981,
                    "g": 0.9333333373069763,
                    "b": 0.9372549057006836,
                    "a": 1.0
                },
                {
                    "r": 0.8117647171020508,
                    "g": 0.7176470756530762,
                    "b": 0.5568627715110779,
                    "a": 1.0
                },
                {
                    "r": 0.42352941632270813,
                    "g": 0.2666666805744171,
                    "b": 0.21960784494876862,
                    "a": 1.0
                }
            ],
            "instanceId": 10028
        },
        {
            "crowdTypeID": 345,
            "animConfigID": 3,
            "spawnPosition": {
                "x": 3788.010986328125,
                "y": 494.8118896484375,
                "z": 3867.1689453125
            },
            "spawnFaceFwd": {
                "x": 0.9934191107749939,
                "z": 0.11453652381896973
            },
            "sitOnChair": true,
            "hairColor": {
                "r": 0.5215686559677124,
                "g": 0.40392157435417175,
                "b": 0.2549019753932953,
                "a": 1.0
            },
            "bodyColors": [
                {
                    "r": 0.9843137264251709,
                    "g": 0.8941176533699036,
                    "b": 0.8549019694328308,
                    "a": 1.0
                },
                {
                    "r": 0.3176470696926117,
                    "g": 0.23529411852359772,
                    "b": 0.3176470696926117,
                    "a": 1.0
                },
                {
                    "r": 0.8549019694328308,
                    "g": 0.800000011920929,
                    "b": 0.7686274647712708,
                    "a": 1.0
                },
                {
                    "r": 0.6000000238418579,
                    "g": 0.5686274766921997,
                    "b": 0.658823549747467,
                    "a": 1.0
                }
            ],
            "instanceId": 10029
        },
        {
            "crowdTypeID": 343,
            "animConfigID": 2,
            "spawnPosition": {
                "x": 3725.178955078125,
                "y": 479.0107116699219,
                "z": 3661.885986328125
            },
            "spawnFaceFwd": {
                "x": 0.718487560749054,
                "z": 0.6955398321151733
            },
            "hairColor": {
                "r": 0.3960784375667572,
                "g": 0.27843138575553894,
                "b": 0.1882352977991104,
                "a": 1.0
            },
            "bodyColors": [
                {
                    "r": 0.9843137264251709,
                    "g": 0.8941176533699036,
                    "b": 0.8549019694328308,
                    "a": 1.0
                },
                {
                    "r": 0.20392157137393951,
                    "g": 0.16470588743686676,
                    "b": 0.27450981736183167,
                    "a": 1.0
                },
                {
                    "r": 0.7647058963775635,
                    "g": 0.7568627595901489,
                    "b": 0.6784313917160034,
                    "a": 1.0
                },
                {
                    "r": 0.3137255012989044,
                    "g": 0.42352941632270813,
                    "b": 0.4627451002597809,
                    "a": 1.0
                }
            ],
            "instanceId": 10030
        }
    ]
}