{
  "crowdSpawnInfos": [
    {
      "crowdTypeID": 449,
      "animConfigID": 1,
      "spawnPosition": {
        "x": 426.0672912597656,
        "y": 103.17759704589844,
        "z": 396.1481018066406
      },
      "spawnFaceFwd": {
        "x": -0.08984338492155075,
        "z": 0.9959558844566345
      },
      "hairColor": {
        "r": 0.25882354378700256,
        "g": 0.25882354378700256,
        "b": 0.25882354378700256,
        "a": 1.0
      },
      "bodyColors": [
        {
          "r": 0.9058823585510254,
          "g": 0.7882353067398071,
          "b": 0.7333333492279053,
          "a": 1.0
        },
        {
          "r": 0.772549033164978,
          "g": 0.8235294222831726,
          "b": 0.8823529481887817,
          "a": 1.0
        },
        {
          "r": 0.4117647111415863,
          "g": 0.5490196347236633,
          "b": 0.6823529601097107,
          "a": 1.0
        },
        {
          "r": 0.2705882489681244,
          "g": 0.27843138575553894,
          "b": 0.364705890417099,
          "a": 1.0
        }
      ],
      "instanceId": 10003
    },
    {
      "crowdTypeID": 417,
      "animConfigID": 3,
      "spawnPosition": {
        "x": 394.0820007324219,
        "y": 104.50050354003906,
        "z": 414.07958984375
      },
      "spawnFaceFwd": {
        "x": -0.30069124698638916,
        "z": 0.9537215232849121
      },
      "hairColor": {
        "r": 0.5215686559677124,
        "g": 0.40392157435417175,
        "b": 0.2549019753932953,
        "a": 1.0
      },
      "bodyColors": [
        {
          "r": 0.9058823585510254,
          "g": 0.7882353067398071,
          "b": 0.7333333492279053,
          "a": 1.0
        },
        {
          "r": 0.8117647171020508,
          "g": 0.8666666746139526,
          "b": 0.8901960849761963,
          "a": 1.0
        },
        {
          "r": 0.5568627715110779,
          "g": 0.6196078658103943,
          "b": 0.7843137383460999,
          "a": 1.0
        },
        {
          "r": 0.2823529541492462,
          "g": 0.3529411852359772,
          "b": 0.4901960790157318,
          "a": 1.0
        }
      ],
      "instanceId": 10004
    },
    {
      "crowdTypeID": 415,
      "animConfigID": 2,
      "spawnPosition": {
        "x": 399.298095703125,
        "y": 104.48930358886719,
        "z": 417.4320983886719
      },
      "spawnFaceFwd": {
        "x": 0.36461198329925537,
        "z": -0.9311596155166626
      },
      "hairColor": {
        "r": 0.32156863808631897,
        "g": 0.21568627655506134,
        "b": 0.18039216101169586,
        "a": 1.0
      },
      "bodyColors": [
        {
          "r": 0.7921568751335144,
          "g": 0.6549019813537598,
          "b": 0.5843137502670288,
          "a": 1.0
        },
        {
          "r": 0.2705882489681244,
          "g": 0.27843138575553894,
          "b": 0.364705890417099,
          "a": 1.0
        },
        {
          "r": 0.4117647111415863,
          "g": 0.5490196347236633,
          "b": 0.6823529601097107,
          "a": 1.0
        },
        {
          "r": 0.772549033164978,
          "g": 0.8235294222831726,
          "b": 0.8823529481887817,
          "a": 1.0
        }
      ],
      "instanceId": 10005
    },
    {
      "crowdTypeID": 456,
      "animConfigID": 2,
      "spawnPosition": {
        "x": 396.260986328125,
        "y": 103.49849700927734,
        "z": 352.0404052734375
      },
      "spawnFaceFwd": {
        "x": 0.9368223547935486,
        "z": 0.34980541467666626
      },
      "sitOnChair": true,
      "hairColor": {
        "r": 0.32156863808631897,
        "g": 0.21568627655506134,
        "b": 0.18039216101169586,
        "a": 1.0
      },
      "bodyColors": [
        {
          "r": 0.9058823585510254,
          "g": 0.7882353067398071,
          "b": 0.7333333492279053,
          "a": 1.0
        },
        {
          "r": 0.8117647171020508,
          "g": 0.8666666746139526,
          "b": 0.8901960849761963,
          "a": 1.0
        },
        {
          "r": 0.5568627715110779,
          "g": 0.6196078658103943,
          "b": 0.7843137383460999,
          "a": 1.0
        },
        {
          "r": 0.2823529541492462,
          "g": 0.3529411852359772,
          "b": 0.4901960790157318,
          "a": 1.0
        }
      ],
      "instanceId": 10006
    },
    {
      "crowdTypeID": 469,
      "animConfigID": 3,
      "spawnPosition": {
        "x": 399.4453125,
        "y": 103.49849700927734,
        "z": 353.3970947265625
      },
      "spawnFaceFwd": {
        "x": -0.6582481265068054,
        "z": -0.7528010606765747
      },
      "sitOnChair": true,
      "hairColor": {
        "r": 0.25882354378700256,
        "g": 0.25882354378700256,
        "b": 0.25882354378700256,
        "a": 1.0
      },
      "bodyColors": [
        {
          "r": 0.7921568751335144,
          "g": 0.6549019813537598,
          "b": 0.5843137502670288,
          "a": 1.0
        },
        {
          "r": 0.772549033164978,
          "g": 0.8235294222831726,
          "b": 0.8823529481887817,
          "a": 1.0
        },
        {
          "r": 0.4117647111415863,
          "g": 0.5490196347236633,
          "b": 0.6823529601097107,
          "a": 1.0
        },
        {
          "r": 0.2705882489681244,
          "g": 0.27843138575553894,
          "b": 0.364705890417099,
          "a": 1.0
        }
      ],
      "instanceId": 10007
    },
    {
      "crowdTypeID": 417,
      "animConfigID": 1,
      "spawnPosition": {
        "x": 399.40240478515625,
        "y": 103.49849700927734,
        "z": 352.2930908203125
      },
      "spawnFaceFwd": {
        "x": -0.2168399691581726,
        "z": 0.9762071371078491
      },
      "hairColor": {
        "r": 0.4274509847164154,
        "g": 0.37254902720451355,
        "b": 0.3019607961177826,
        "a": 1.0
      },
      "bodyColors": [
        {
          "r": 0.9058823585510254,
          "g": 0.7882353067398071,
          "b": 0.7333333492279053,
          "a": 1.0
        },
        {
          "r": 0.8117647171020508,
          "g": 0.8666666746139526,
          "b": 0.8901960849761963,
          "a": 1.0
        },
        {
          "r": 0.5568627715110779,
          "g": 0.6196078658103943,
          "b": 0.7843137383460999,
          "a": 1.0
        },
        {
          "r": 0.2823529541492462,
          "g": 0.3529411852359772,
          "b": 0.4901960790157318,
          "a": 1.0
        }
      ],
      "instanceId": 10008
    },
    {
      "crowdTypeID": 415,
      "animConfigID": 4,
      "spawnPosition": {
        "x": 372.82867431640625,
        "y": 103.69959259033203,
        "z": 382.7771911621094
      },
      "spawnFaceFwd": {
        "x": 0.13682161271572113,
        "y": 0.18335148692131042,
        "z": 0.9734793901443481
      },
      "hairColor": {
        "r": 0.5215686559677124,
        "g": 0.40392157435417175,
        "b": 0.2549019753932953,
        "a": 1.0
      },
      "bodyColors": [
        {
          "r": 0.7921568751335144,
          "g": 0.6549019813537598,
          "b": 0.5843137502670288,
          "a": 1.0
        },
        {
          "r": 0.8117647171020508,
          "g": 0.8666666746139526,
          "b": 0.8901960849761963,
          "a": 1.0
        },
        {
          "r": 0.5568627715110779,
          "g": 0.6196078658103943,
          "b": 0.7843137383460999,
          "a": 1.0
        },
        {
          "r": 0.2823529541492462,
          "g": 0.3529411852359772,
          "b": 0.4901960790157318,
          "a": 1.0
        }
      ],
      "instanceId": 10009
    },
    {
      "crowdTypeID": 418,
      "animConfigID": 4,
      "spawnPosition": {
        "x": 373.13385009765625,
        "y": 103.77263641357422,
        "z": 384.3682861328125
      },
      "spawnFaceFwd": {
        "x": -0.26272642612457275,
        "z": -0.9648704528808594
      },
      "hairColor": {
        "r": 0.29019609093666077,
        "g": 0.3176470696926117,
        "b": 0.3529411852359772,
        "a": 1.0
      },
      "bodyColors": [
        {
          "r": 0.9058823585510254,
          "g": 0.7882353067398071,
          "b": 0.7333333492279053,
          "a": 1.0
        },
        {
          "r": 0.772549033164978,
          "g": 0.8235294222831726,
          "b": 0.8823529481887817,
          "a": 1.0
        },
        {
          "r": 0.4117647111415863,
          "g": 0.5490196347236633,
          "b": 0.6823529601097107,
          "a": 1.0
        },
        {
          "r": 0.2705882489681244,
          "g": 0.27843138575553894,
          "b": 0.364705890417099,
          "a": 1.0
        }
      ],
      "instanceId": 10010
    },
    {
      "crowdTypeID": 419,
      "spawnPosition": {
        "x": 371.4399108886719,
        "y": 104.47440338134766,
        "z": 371.7124938964844
      },
      "spawnFaceFwd": {
        "x": -0.5606114864349365,
        "z": -0.8280788660049438
      },
      "hairColor": {
        "r": 0.3960784375667572,
        "g": 0.27843138575553894,
        "b": 0.1882352977991104,
        "a": 1.0
      },
      "bodyColors": [
        {
          "r": 0.7921568751335144,
          "g": 0.6549019813537598,
          "b": 0.5843137502670288,
          "a": 1.0
        },
        {
          "r": 0.2705882489681244,
          "g": 0.27843138575553894,
          "b": 0.364705890417099,
          "a": 1.0
        },
        {
          "r": 0.4117647111415863,
          "g": 0.5490196347236633,
          "b": 0.6823529601097107,
          "a": 1.0
        },
        {
          "r": 0.772549033164978,
          "g": 0.8235294222831726,
          "b": 0.8823529481887817,
          "a": 1.0
        }
      ],
      "instanceId": 10011
    }
  ]
}