{
    "crowdSpawnInfos": [
        {
            "crowdTypeID": 118,
            "animConfigID": 1,
            "spawnPosition": {
                "x": 2363.93994140625,
                "y": 305.0773010253906,
                "z": 1534.6820068359375
            },
            "spawnFaceFwd": {
                "x": 0.8627942800521851,
                "z": -0.5055549144744873
            },
            "hairColor": {
                "r": 0.25882354378700256,
                "g": 0.25882354378700256,
                "b": 0.25882354378700256,
                "a": 1.0
            },
            "bodyColors": [
                {
                    "r": 0.9058823585510254,
                    "g": 0.7882353067398071,
                    "b": 0.7333333492279053,
                    "a": 1.0
                },
                {
                    "r": 0.2235294133424759,
                    "g": 0.2705882489681244,
                    "b": 0.3607843220233917,
                    "a": 1.0
                },
                {
                    "r": 0.5686274766921997,
                    "g": 0.572549045085907,
                    "b": 0.6117647290229797,
                    "a": 1.0
                },
                {
                    "r": 0.3137255012989044,
                    "g": 0.38823530077934265,
                    "b": 0.47843137383461,
                    "a": 1.0
                }
            ],
            "instanceId": 30001
        },
        {
            "crowdTypeID": 120,
            "animConfigID": 3,
            "spawnPosition": {
                "x": 2365.123046875,
                "y": 305.089111328125,
                "z": 1533.998046875
            },
            "spawnFaceFwd": {
                "x": -0.9280111789703369,
                "z": 0.3725522756576538
            },
            "hairColor": {
                "r": 0.29019609093666077,
                "g": 0.3176470696926117,
                "b": 0.3529411852359772,
                "a": 1.0
            },
            "bodyColors": [
                {
                    "r": 0.9058823585510254,
                    "g": 0.7882353067398071,
                    "b": 0.7333333492279053,
                    "a": 1.0
                },
                {
                    "r": 0.41960784792900085,
                    "g": 0.41960784792900085,
                    "b": 0.4117647111415863,
                    "a": 1.0
                },
                {
                    "r": 0.3764705955982208,
                    "g": 0.2823529541492462,
                    "b": 0.2823529541492462,
                    "a": 1.0
                },
                {
                    "r": 0.2549019753932953,
                    "g": 0.26274511218070984,
                    "b": 0.2705882489681244,
                    "a": 1.0
                }
            ],
            "instanceId": 30002
        },
        {
            "crowdTypeID": 385,
            "spawnPosition": {
                "x": 2320.6201171875,
                "y": 298.69830322265625,
                "z": 1568.4749755859375
            },
            "spawnFaceFwd": {
                "x": 0.9522535800933838,
                "z": -0.3053082227706909
            },
            "hairColor": {
                "r": 0.3960784375667572,
                "g": 0.27843138575553894,
                "b": 0.1882352977991104,
                "a": 1.0
            },
            "bodyColors": [
                {
                    "r": 0.9058823585510254,
                    "g": 0.7882353067398071,
                    "b": 0.7333333492279053,
                    "a": 1.0
                },
                {
                    "r": 0.572549045085907,
                    "g": 0.5176470875740051,
                    "b": 0.5803921818733215,
                    "a": 1.0
                },
                {
                    "r": 0.23529411852359772,
                    "g": 0.2549019753932953,
                    "b": 0.30980393290519714,
                    "a": 1.0
                },
                {
                    "r": 0.8039215803146362,
                    "g": 0.7254902124404907,
                    "b": 0.6941176652908325,
                    "a": 1.0
                }
            ],
            "instanceId": 30003
        },
        {
            "crowdTypeID": 383,
            "spawnPosition": {
                "x": 2330.589111328125,
                "y": 303.9375,
                "z": 1588.362060546875
            },
            "spawnFaceFwd": {
                "x": 0.9681782126426697,
                "z": 0.2502618432044983
            },
            "hairColor": {
                "r": 0.32156863808631897,
                "g": 0.21568627655506134,
                "b": 0.18039216101169586,
                "a": 1.0
            },
            "bodyColors": [
                {
                    "r": 0.9058823585510254,
                    "g": 0.7882353067398071,
                    "b": 0.7333333492279053,
                    "a": 1.0
                },
                {
                    "r": 0.2549019753932953,
                    "g": 0.26274511218070984,
                    "b": 0.2705882489681244,
                    "a": 1.0
                },
                {
                    "r": 0.41960784792900085,
                    "g": 0.41960784792900085,
                    "b": 0.4117647111415863,
                    "a": 1.0
                },
                {
                    "r": 0.3764705955982208,
                    "g": 0.2823529541492462,
                    "b": 0.2823529541492462,
                    "a": 1.0
                }
            ],
            "instanceId": 30004
        },
        {
            "crowdTypeID": 385,
            "spawnPosition": {
                "x": 2339.60400390625,
                "y": 307.7008056640625,
                "z": 1593.0899658203125
            },
            "spawnFaceFwd": {
                "x": 0.9888052940368652,
                "z": 0.14921140670776367
            },
            "hairColor": {
                "r": 0.32156863808631897,
                "g": 0.21568627655506134,
                "b": 0.18039216101169586,
                "a": 1.0
            },
            "bodyColors": [
                {
                    "r": 0.9333333373069763,
                    "g": 0.8666666746139526,
                    "b": 0.843137264251709,
                    "a": 1.0
                },
                {
                    "r": 0.47843137383461,
                    "g": 0.4470588266849518,
                    "b": 0.3960784375667572,
                    "a": 1.0
                },
                {
                    "r": 0.239215686917305,
                    "g": 0.2666666805744171,
                    "b": 0.29411765933036804,
                    "a": 1.0
                },
                {
                    "r": 0.7568627595901489,
                    "g": 0.7568627595901489,
                    "b": 0.7254902124404907,
                    "a": 1.0
                }
            ],
            "instanceId": 30006
        },
        {
            "crowdTypeID": 85,
            "animConfigID": 1,
            "spawnPosition": {
                "x": 2356.242919921875,
                "y": 305.41790771484375,
                "z": 1469.2239990234375
            },
            "spawnFaceFwd": {
                "x": 0.4405973255634308,
                "z": -0.8977049589157104
            },
            "hairColor": {
                "r": 0.29019609093666077,
                "g": 0.3176470696926117,
                "b": 0.3529411852359772,
                "a": 1.0
            },
            "bodyColors": [
                {
                    "r": 0.9058823585510254,
                    "g": 0.7882353067398071,
                    "b": 0.7333333492279053,
                    "a": 1.0
                },
                {
                    "r": 0.7568627595901489,
                    "g": 0.7568627595901489,
                    "b": 0.7254902124404907,
                    "a": 1.0
                },
                {
                    "r": 0.239215686917305,
                    "g": 0.2666666805744171,
                    "b": 0.29411765933036804,
                    "a": 1.0
                },
                {
                    "r": 0.47843137383461,
                    "g": 0.4470588266849518,
                    "b": 0.3960784375667572,
                    "a": 1.0
                }
            ],
            "instanceId": 30008
        },
        {
            "crowdTypeID": 385,
            "spawnPosition": {
                "x": 2356.10400390625,
                "y": 305.5285949707031,
                "z": 1468.6219482421875
            },
            "spawnFaceFwd": {
                "x": 0.9110466837882996,
                "z": -0.41230320930480957
            },
            "hairColor": {
                "r": 0.32156863808631897,
                "g": 0.21568627655506134,
                "b": 0.18039216101169586,
                "a": 1.0
            },
            "bodyColors": [
                {
                    "r": 0.9058823585510254,
                    "g": 0.7882353067398071,
                    "b": 0.7333333492279053,
                    "a": 1.0
                },
                {
                    "r": 0.2666666805744171,
                    "g": 0.2078431397676468,
                    "b": 0.23529411852359772,
                    "a": 1.0
                },
                {
                    "r": 0.5647059082984924,
                    "g": 0.5490196347236633,
                    "b": 0.5607843399047852,
                    "a": 1.0
                },
                {
                    "r": 0.4117647111415863,
                    "g": 0.35686275362968445,
                    "b": 0.3960784375667572,
                    "a": 1.0
                }
            ],
            "instanceId": 30009
        },
        {
            "crowdTypeID": 383,
            "spawnPosition": {
                "x": 2376.364013671875,
                "y": 308.01251220703125,
                "z": 1464.5870361328125
            },
            "spawnFaceFwd": {
                "x": 0.3470519185066223,
                "z": -0.9378458261489868
            },
            "hairColor": {
                "r": 0.32156863808631897,
                "g": 0.21568627655506134,
                "b": 0.18039216101169586,
                "a": 1.0
            },
            "bodyColors": [
                {
                    "r": 0.9058823585510254,
                    "g": 0.7882353067398071,
                    "b": 0.7333333492279053,
                    "a": 1.0
                },
                {
                    "r": 0.8039215803146362,
                    "g": 0.7254902124404907,
                    "b": 0.6941176652908325,
                    "a": 1.0
                },
                {
                    "r": 0.23529411852359772,
                    "g": 0.2549019753932953,
                    "b": 0.30980393290519714,
                    "a": 1.0
                },
                {
                    "r": 0.572549045085907,
                    "g": 0.5176470875740051,
                    "b": 0.5803921818733215,
                    "a": 1.0
                }
            ],
            "instanceId": 30011
        },
        {
            "crowdTypeID": 384,
            "spawnPosition": {
                "x": 2396.199951171875,
                "y": 313.5376892089844,
                "z": 1491.623046875
            },
            "spawnFaceFwd": {
                "x": 0.9391949772834778,
                "z": -0.3433842658996582
            },
            "hairColor": {
                "r": 0.4274509847164154,
                "g": 0.37254902720451355,
                "b": 0.3019607961177826,
                "a": 1.0
            },
            "bodyColors": [
                {
                    "r": 0.9333333373069763,
                    "g": 0.8666666746139526,
                    "b": 0.843137264251709,
                    "a": 1.0
                },
                {
                    "r": 0.3764705955982208,
                    "g": 0.2823529541492462,
                    "b": 0.2823529541492462,
                    "a": 1.0
                },
                {
                    "r": 0.2549019753932953,
                    "g": 0.26274511218070984,
                    "b": 0.2705882489681244,
                    "a": 1.0
                },
                {
                    "r": 0.41960784792900085,
                    "g": 0.41960784792900085,
                    "b": 0.4117647111415863,
                    "a": 1.0
                }
            ],
            "instanceId": 30012
        },
        {
            "crowdTypeID": 385,
            "spawnPosition": {
                "x": 2361.760009765625,
                "y": 309.53240966796875,
                "z": 1452.387939453125
            },
            "spawnFaceFwd": {
                "x": -0.2879404127597809,
                "z": -0.9576483964920044
            },
            "hairColor": {
                "r": 0.4274509847164154,
                "g": 0.37254902720451355,
                "b": 0.3019607961177826,
                "a": 1.0
            },
            "bodyColors": [
                {
                    "r": 0.9333333373069763,
                    "g": 0.8666666746139526,
                    "b": 0.843137264251709,
                    "a": 1.0
                },
                {
                    "r": 0.3137255012989044,
                    "g": 0.38823530077934265,
                    "b": 0.47843137383461,
                    "a": 1.0
                },
                {
                    "r": 0.2235294133424759,
                    "g": 0.2705882489681244,
                    "b": 0.3607843220233917,
                    "a": 1.0
                },
                {
                    "r": 0.5686274766921997,
                    "g": 0.572549045085907,
                    "b": 0.6117647290229797,
                    "a": 1.0
                }
            ],
            "instanceId": 30013
        },
        {
            "crowdTypeID": 384,
            "spawnPosition": {
                "x": 2394.39892578125,
                "y": 310.9632873535156,
                "z": 1463.18896484375
            },
            "spawnFaceFwd": {
                "x": 0.8564302325248718,
                "z": -0.5162628889083862
            },
            "hairColor": {
                "r": 0.25882354378700256,
                "g": 0.25882354378700256,
                "b": 0.25882354378700256,
                "a": 1.0
            },
            "bodyColors": [
                {
                    "r": 0.9058823585510254,
                    "g": 0.7882353067398071,
                    "b": 0.7333333492279053,
                    "a": 1.0
                },
                {
                    "r": 0.4117647111415863,
                    "g": 0.35686275362968445,
                    "b": 0.3960784375667572,
                    "a": 1.0
                },
                {
                    "r": 0.2666666805744171,
                    "g": 0.2078431397676468,
                    "b": 0.23529411852359772,
                    "a": 1.0
                },
                {
                    "r": 0.5647059082984924,
                    "g": 0.5490196347236633,
                    "b": 0.5607843399047852,
                    "a": 1.0
                }
            ],
            "instanceId": 30014
        },
        {
            "crowdTypeID": 84,
            "animConfigID": 1,
            "spawnPosition": {
                "x": 2370.301025390625,
                "y": 300.5163879394531,
                "z": 1502.3050537109375
            },
            "spawnFaceFwd": {
                "x": -0.9049397706985474,
                "z": 0.42553961277008057
            },
            "hairColor": {
                "r": 0.32156863808631897,
                "g": 0.21568627655506134,
                "b": 0.18039216101169586,
                "a": 1.0
            },
            "bodyColors": [
                {
                    "r": 0.9058823585510254,
                    "g": 0.7882353067398071,
                    "b": 0.7333333492279053,
                    "a": 1.0
                },
                {
                    "r": 0.41960784792900085,
                    "g": 0.41960784792900085,
                    "b": 0.4117647111415863,
                    "a": 1.0
                },
                {
                    "r": 0.3764705955982208,
                    "g": 0.2823529541492462,
                    "b": 0.2823529541492462,
                    "a": 1.0
                },
                {
                    "r": 0.2549019753932953,
                    "g": 0.26274511218070984,
                    "b": 0.2705882489681244,
                    "a": 1.0
                }
            ],
            "instanceId": 30016
        },
        {
            "crowdTypeID": 86,
            "animConfigID": 1,
            "spawnPosition": {
                "x": 2369.632080078125,
                "y": 300.50970458984375,
                "z": 1503.0250244140625
            },
            "spawnFaceFwd": {
                "x": 0.37847900390625,
                "z": -0.9256099462509155
            },
            "hairColor": {
                "r": 0.29019609093666077,
                "g": 0.3176470696926117,
                "b": 0.3529411852359772,
                "a": 1.0
            },
            "bodyColors": [
                {
                    "r": 0.9333333373069763,
                    "g": 0.8666666746139526,
                    "b": 0.843137264251709,
                    "a": 1.0
                },
                {
                    "r": 0.239215686917305,
                    "g": 0.2666666805744171,
                    "b": 0.29411765933036804,
                    "a": 1.0
                },
                {
                    "r": 0.47843137383461,
                    "g": 0.4470588266849518,
                    "b": 0.3960784375667572,
                    "a": 1.0
                },
                {
                    "r": 0.239215686917305,
                    "g": 0.2666666805744171,
                    "b": 0.29411765933036804,
                    "a": 1.0
                }
            ],
            "instanceId": 30017
        },
        {
            "crowdTypeID": 383,
            "spawnPosition": {
                "x": 2403.180908203125,
                "y": 314.818115234375,
                "z": 1462.5589599609375
            },
            "spawnFaceFwd": {
                "x": -0.9983730912208557,
                "z": -0.05701887607574463
            },
            "hairColor": {
                "r": 0.32156863808631897,
                "g": 0.21568627655506134,
                "b": 0.18039216101169586,
                "a": 1.0
            },
            "bodyColors": [
                {
                    "r": 0.9058823585510254,
                    "g": 0.7882353067398071,
                    "b": 0.7333333492279053,
                    "a": 1.0
                },
                {
                    "r": 0.572549045085907,
                    "g": 0.5176470875740051,
                    "b": 0.5803921818733215,
                    "a": 1.0
                },
                {
                    "r": 0.23529411852359772,
                    "g": 0.2549019753932953,
                    "b": 0.30980393290519714,
                    "a": 1.0
                },
                {
                    "r": 0.8039215803146362,
                    "g": 0.7254902124404907,
                    "b": 0.6941176652908325,
                    "a": 1.0
                }
            ],
            "instanceId": 30018
        },
        {
            "crowdTypeID": 391,
            "spawnPosition": {
                "x": 2403.447021484375,
                "y": 314.89898681640625,
                "z": 1461.89404296875
            },
            "spawnFaceFwd": {
                "x": -0.7693859934806824,
                "z": 0.6387841701507568
            },
            "hairColor": {
                "r": 0.32156863808631897,
                "g": 0.21568627655506134,
                "b": 0.18039216101169586,
                "a": 1.0
            },
            "bodyColors": [
                {
                    "r": 0.9058823585510254,
                    "g": 0.7882353067398071,
                    "b": 0.7333333492279053,
                    "a": 1.0
                },
                {
                    "r": 0.2980392277240753,
                    "g": 0.27843138575553894,
                    "b": 0.3176470696926117,
                    "a": 1.0
                },
                {
                    "r": 0.6745098233222961,
                    "g": 0.6666666865348816,
                    "b": 0.6549019813537598,
                    "a": 1.0
                },
                {
                    "r": 0.42352941632270813,
                    "g": 0.4627451002597809,
                    "b": 0.5647059082984924,
                    "a": 1.0
                }
            ],
            "instanceId": 30019
        },
        {
            "crowdTypeID": 390,
            "spawnPosition": {
                "x": 2363.76904296875,
                "y": 305.0799865722656,
                "z": 1533.7259521484375
            },
            "spawnFaceFwd": {
                "x": 0.7931860685348511,
                "z": 0.608979344367981
            },
            "hairColor": {
                "r": 0.29019609093666077,
                "g": 0.3176470696926117,
                "b": 0.3529411852359772,
                "a": 1.0
            },
            "bodyColors": [
                {
                    "r": 0.9058823585510254,
                    "g": 0.7882353067398071,
                    "b": 0.7333333492279053,
                    "a": 1.0
                },
                {
                    "r": 0.572549045085907,
                    "g": 0.5176470875740051,
                    "b": 0.5803921818733215,
                    "a": 1.0
                },
                {
                    "r": 0.23529411852359772,
                    "g": 0.2549019753932953,
                    "b": 0.30980393290519714,
                    "a": 1.0
                },
                {
                    "r": 0.8039215803146362,
                    "g": 0.7254902124404907,
                    "b": 0.6941176652908325,
                    "a": 1.0
                }
            ],
            "instanceId": 30021
        },
        {
            "crowdTypeID": 79,
            "animConfigID": 3,
            "spawnPosition": {
                "x": 2344.047119140625,
                "y": 301.05279541015625,
                "z": 1541.988037109375
            },
            "spawnFaceFwd": {
                "x": -0.43640515208244324,
                "y": -0.003378326538950205,
                "z": -0.8997443914413452
            },
            "hairColor": {
                "r": 0.29019609093666077,
                "g": 0.3176470696926117,
                "b": 0.3529411852359772,
                "a": 1.0
            },
            "bodyColors": [
                {
                    "r": 0.9058823585510254,
                    "g": 0.7882353067398071,
                    "b": 0.7333333492279053,
                    "a": 1.0
                },
                {
                    "r": 0.2666666805744171,
                    "g": 0.2078431397676468,
                    "b": 0.23529411852359772,
                    "a": 1.0
                },
                {
                    "r": 0.4117647111415863,
                    "g": 0.35686275362968445,
                    "b": 0.3960784375667572,
                    "a": 1.0
                },
                {
                    "r": 0.5647059082984924,
                    "g": 0.5490196347236633,
                    "b": 0.5607843399047852,
                    "a": 1.0
                }
            ],
            "instanceId": 30022
        },
        {
            "crowdTypeID": 391,
            "spawnPosition": {
                "x": 2343.3701171875,
                "y": 301.05230712890625,
                "z": 1541.3089599609375
            },
            "spawnFaceFwd": {
                "x": 0.418928861618042,
                "z": 0.9080190658569336
            },
            "hairColor": {
                "r": 0.32156863808631897,
                "g": 0.21568627655506134,
                "b": 0.18039216101169586,
                "a": 1.0
            },
            "bodyColors": [
                {
                    "r": 0.9058823585510254,
                    "g": 0.7882353067398071,
                    "b": 0.7333333492279053,
                    "a": 1.0
                },
                {
                    "r": 0.42352941632270813,
                    "g": 0.4627451002597809,
                    "b": 0.5647059082984924,
                    "a": 1.0
                },
                {
                    "r": 0.2980392277240753,
                    "g": 0.27843138575553894,
                    "b": 0.3176470696926117,
                    "a": 1.0
                },
                {
                    "r": 0.6745098233222961,
                    "g": 0.6666666865348816,
                    "b": 0.6549019813537598,
                    "a": 1.0
                }
            ],
            "instanceId": 30023
        }
    ]
}