{
    "crowdSpawnInfos": [
        {
            "crowdTypeID": 63,
            "spawnPosition": {
                "x": -471.2829895019531,
                "y": 209.74749755859375,
                "z": 324.5101013183594
            },
            "spawnFaceFwd": {
                "x": -0.9991461634635925,
                "z": -0.04131424427032471
            },
            "hairColor": {
                "r": 0.32156863808631897,
                "g": 0.21568627655506134,
                "b": 0.18039216101169586,
                "a": 1.0
            },
            "bodyColors": [
                {
                    "r": 0.9058823585510254,
                    "g": 0.7882353067398071,
                    "b": 0.7333333492279053,
                    "a": 1.0
                },
                {
                    "r": 0.42352941632270813,
                    "g": 0.4627451002597809,
                    "b": 0.5647059082984924,
                    "a": 1.0
                },
                {
                    "r": 0.6745098233222961,
                    "g": 0.6666666865348816,
                    "b": 0.6549019813537598,
                    "a": 1.0
                },
                {
                    "r": 0.2980392277240753,
                    "g": 0.27843138575553894,
                    "b": 0.3176470696926117,
                    "a": 1.0
                }
            ],
            "instanceId": 1040001
        },
        {
            "crowdTypeID": 72,
            "animConfigID": 2,
            "spawnPosition": {
                "x": -471.9757995605469,
                "y": 209.74749755859375,
                "z": 323.8507995605469
            },
            "spawnFaceFwd": {
                "x": -0.3327357769012451,
                "z": 0.9430201053619385
            },
            "hairColor": {
                "r": 0.29019609093666077,
                "g": 0.3176470696926117,
                "b": 0.3529411852359772,
                "a": 1.0
            },
            "bodyColors": [
                {
                    "r": 0.9058823585510254,
                    "g": 0.7882353067398071,
                    "b": 0.7333333492279053,
                    "a": 1.0
                },
                {
                    "r": 0.4117647111415863,
                    "g": 0.35686275362968445,
                    "b": 0.3960784375667572,
                    "a": 1.0
                },
                {
                    "r": 0.5647059082984924,
                    "g": 0.5490196347236633,
                    "b": 0.5607843399047852,
                    "a": 1.0
                },
                {
                    "r": 0.2666666805744171,
                    "g": 0.2078431397676468,
                    "b": 0.23529411852359772,
                    "a": 1.0
                }
            ],
            "instanceId": 1040002
        },
        {
            "crowdTypeID": 88,
            "animConfigID": 1,
            "spawnPosition": {
                "x": -471.8044128417969,
                "y": 209.77000427246094,
                "z": 326.8179931640625
            },
            "spawnFaceFwd": {
                "x": 0.731289803981781,
                "z": 0.6820669174194336
            },
            "hairColor": {
                "r": 0.29019609093666077,
                "g": 0.3176470696926117,
                "b": 0.3529411852359772,
                "a": 1.0
            },
            "bodyColors": [
                {
                    "r": 0.9058823585510254,
                    "g": 0.7882353067398071,
                    "b": 0.7333333492279053,
                    "a": 1.0
                },
                {
                    "r": 0.2666666805744171,
                    "g": 0.2078431397676468,
                    "b": 0.23529411852359772,
                    "a": 1.0
                },
                {
                    "r": 0.5647059082984924,
                    "g": 0.5490196347236633,
                    "b": 0.5607843399047852,
                    "a": 1.0
                },
                {
                    "r": 0.4117647111415863,
                    "g": 0.35686275362968445,
                    "b": 0.3960784375667572,
                    "a": 1.0
                }
            ],
            "instanceId": 1040003
        },
        {
            "crowdTypeID": 91,
            "spawnPosition": {
                "x": -471.2981872558594,
                "y": 209.77000427246094,
                "z": 326.3004150390625
            },
            "spawnFaceFwd": {
                "x": 0.39389121532440186,
                "z": 0.919157087802887
            },
            "hairColor": {
                "r": 0.8392156958580017,
                "g": 0.8392156958580017,
                "b": 0.8392156958580017,
                "a": 1.0
            },
            "bodyColors": [
                {
                    "r": 0.9058823585510254,
                    "g": 0.7882353067398071,
                    "b": 0.7333333492279053,
                    "a": 1.0
                },
                {
                    "r": 0.239215686917305,
                    "g": 0.2666666805744171,
                    "b": 0.29411765933036804,
                    "a": 1.0
                },
                {
                    "r": 0.47843137383461,
                    "g": 0.4470588266849518,
                    "b": 0.3960784375667572,
                    "a": 1.0
                },
                {
                    "r": 0.7568627595901489,
                    "g": 0.7568627595901489,
                    "b": 0.7254902124404907,
                    "a": 1.0
                }
            ],
            "instanceId": 1040004
        }
    ]
}